Facility ID,"Patients who gave a rating of ""6"" or lower (low)","Patients who gave a rating of ""7"" or ""8"" (medium)","Patients who gave a rating of ""9"" or ""10"" (high)","Patients who ""Agree"" that staff took their preferences into account","Patients who ""Disagree"" or ""Strongly Disagree"" that staff took their preferences into account","Patients who ""Strongly Agree"" that staff took their preferences into account","Staff ""always"" explained","Staff ""always"" explained new medications","Staff ""always"" explained possible side effects","Staff ""sometimes"" or ""never"" explained","Staff ""sometimes"" or ""never"" explained new medications","Staff ""sometimes"" or ""never"" explained possible side effects","Staff ""usually"" explained","Staff ""usually"" explained new medications","Staff ""usually"" explained possible side effects"
10001.0,8.0,21.0,71.0,48.0,8.0,44.0,56.0,70.0,42.0,23.0,12.0,33.0,21.0,18.0,25.0
10005.0,9.0,22.0,69.0,52.0,6.0,42.0,61.0,76.0,46.0,20.0,8.0,31.0,19.0,16.0,23.0
10006.0,16.0,24.0,60.0,53.0,11.0,36.0,51.0,64.0,38.0,29.0,17.0,42.0,20.0,19.0,20.0
10007.0,2.0,25.0,73.0,52.0,5.0,43.0,61.0,71.0,52.0,11.0,7.0,15.0,28.0,22.0,33.0
10008.0,3.0,19.0,78.0,47.92933860938384,7.513284341435839,44.55737704918032,67.0,73.75409836065573,46.33945732052007,10.0,10.00423968343697,31.51271905031091,23.0,16.241661955907293,22.14782362916902
10011.0,9.0,25.0,66.0,52.0,7.0,41.0,55.0,71.0,40.0,22.0,10.0,34.0,23.0,19.0,26.0
10012.0,11.0,25.0,64.0,55.0,6.0,39.0,66.0,77.0,55.0,15.0,8.0,23.0,19.0,15.0,22.0
10016.0,11.0,27.0,62.0,52.0,8.0,40.0,58.0,71.0,44.0,25.0,11.0,38.0,17.0,18.0,18.0
10018.0,1.0,12.0,87.0,47.92933860938384,7.513284341435839,44.55737704918032,85.0,73.75409836065573,46.33945732052007,9.0,10.00423968343697,31.51271905031091,6.0,16.241661955907293,22.14782362916902
10019.0,5.0,18.0,77.0,52.0,4.0,44.0,58.0,73.0,43.0,19.0,7.0,31.0,23.0,20.0,26.0
10021.0,5.0,21.0,74.0,47.0,10.0,43.0,62.0,75.0,49.0,16.0,7.0,25.0,22.0,18.0,26.0
10022.0,9.0,13.0,78.0,47.92933860938384,7.513284341435839,44.55737704918032,72.0,73.75409836065573,46.33945732052007,14.0,10.00423968343697,31.51271905031091,14.0,16.241661955907293,22.14782362916902
10023.0,10.0,21.0,69.0,49.0,10.0,41.0,54.0,67.0,40.0,24.0,13.0,34.0,22.0,20.0,26.0
10024.0,10.0,21.0,69.0,50.0,9.0,41.0,57.0,73.0,41.0,26.0,13.0,40.0,17.0,14.0,19.0
10029.0,8.0,22.0,70.0,50.0,5.0,45.0,66.0,78.0,53.0,18.0,8.0,28.0,16.0,14.0,19.0
10033.0,7.0,17.0,76.0,45.0,5.0,50.0,61.0,75.0,47.0,20.0,9.0,32.0,19.0,16.0,21.0
10034.0,10.0,16.0,74.0,48.0,6.0,46.0,53.0,65.0,41.0,32.0,29.0,34.0,15.0,6.0,25.0
10035.0,13.0,25.0,62.0,55.0,9.0,36.0,52.0,66.0,39.0,26.0,13.0,38.0,22.0,21.0,23.0
10036.0,8.0,25.0,67.0,50.0,11.0,39.0,59.0,75.0,44.0,23.0,12.0,33.0,18.0,13.0,23.0
10039.0,8.0,22.0,70.0,49.0,7.0,44.0,57.0,73.0,42.0,24.0,12.0,37.0,19.0,15.0,21.0
10040.0,15.0,28.0,57.0,55.0,10.0,35.0,58.0,74.0,42.0,25.0,13.0,37.0,17.0,13.0,21.0
10044.0,0.0,11.0,89.0,47.92933860938384,7.513284341435839,44.55737704918032,82.0,73.75409836065573,46.33945732052007,15.0,10.00423968343697,31.51271905031091,3.0,16.241661955907293,22.14782362916902
10045.0,2.0,10.0,88.0,32.0,3.0,65.0,74.0,86.0,63.0,10.0,4.0,15.0,16.0,10.0,22.0
10046.0,8.0,23.0,69.0,46.0,10.0,44.0,55.0,70.0,41.0,27.0,12.0,41.0,18.0,18.0,18.0
10049.0,10.0,26.0,64.0,47.0,8.0,45.0,66.0,76.0,55.0,20.0,10.0,29.0,14.0,14.0,16.0
10052.0,3.0,25.0,72.0,50.0,7.0,43.0,68.0,81.0,55.0,16.0,11.0,20.0,16.0,8.0,25.0
10055.0,9.0,18.0,73.0,45.0,7.0,48.0,65.0,80.0,51.0,17.0,6.0,28.0,18.0,14.0,21.0
10056.0,7.0,21.0,72.0,49.0,7.0,44.0,57.0,72.0,43.0,22.0,9.0,34.0,21.0,19.0,23.0
10058.0,2.0,8.0,90.0,47.92933860938384,7.513284341435839,44.55737704918032,75.0,73.75409836065573,46.33945732052007,15.0,10.00423968343697,31.51271905031091,10.0,16.241661955907293,22.14782362916902
10059.0,14.0,35.0,51.0,47.92933860938384,7.513284341435839,44.55737704918032,59.0,73.75409836065573,46.33945732052007,23.0,10.00423968343697,31.51271905031091,18.0,16.241661955907293,22.14782362916902
10061.0,11.0,30.0,59.0,51.0,5.0,44.0,61.0,72.0,49.0,23.0,15.0,30.0,16.0,13.0,21.0
10062.0,5.0,29.0,66.0,47.92933860938384,7.513284341435839,44.55737704918032,66.0,73.75409836065573,46.33945732052007,11.0,10.00423968343697,31.51271905031091,23.0,16.241661955907293,22.14782362916902
10065.0,9.0,25.0,66.0,54.0,8.0,38.0,56.0,68.0,44.0,21.0,13.0,28.0,23.0,19.0,28.0
10069.0,8.0,24.0,68.0,55.0,7.0,38.0,62.0,70.0,54.0,22.0,13.0,31.0,16.0,17.0,15.0
10073.0,5.0,20.0,75.0,48.0,13.0,39.0,60.0,61.0,59.0,26.0,27.0,24.0,14.0,12.0,17.0
10078.0,14.0,28.0,58.0,53.0,11.0,36.0,53.0,67.0,40.0,26.0,16.0,36.0,21.0,17.0,24.0
10079.0,6.0,20.0,74.0,52.0,4.0,44.0,65.0,78.0,53.0,19.0,9.0,29.0,16.0,13.0,18.0
10083.0,7.0,21.0,72.0,46.0,6.0,48.0,68.0,82.0,54.0,15.0,5.0,25.0,17.0,13.0,21.0
10085.0,12.0,23.0,65.0,49.0,8.0,43.0,60.0,76.0,43.0,26.0,12.0,39.0,14.0,12.0,18.0
10086.0,6.0,15.0,79.0,43.0,6.0,51.0,57.0,69.0,45.0,22.0,13.0,30.0,21.0,18.0,25.0
10087.0,9.0,23.0,68.0,46.0,10.0,44.0,56.0,71.0,41.0,24.0,12.0,35.0,20.0,17.0,24.0
10089.0,14.0,29.0,57.0,55.0,8.0,37.0,57.0,71.0,42.0,23.0,12.0,35.0,20.0,17.0,23.0
10090.0,11.0,23.0,66.0,49.0,10.0,41.0,54.0,71.0,37.0,25.0,13.0,36.0,21.0,16.0,27.0
10091.0,0.0,11.0,89.0,47.92933860938384,7.513284341435839,44.55737704918032,73.0,73.75409836065573,46.33945732052007,9.0,10.00423968343697,31.51271905031091,18.0,16.241661955907293,22.14782362916902
10092.0,11.0,26.0,63.0,54.0,10.0,36.0,54.0,70.0,38.0,26.0,12.0,39.0,20.0,18.0,23.0
10095.0,2.0,11.0,87.0,59.0,6.0,35.0,79.0,88.0,71.0,8.0,3.0,15.0,13.0,9.0,14.0
10097.0,4.0,17.0,79.0,43.0,6.0,51.0,71.0,88.0,56.0,10.0,2.0,19.0,19.0,10.0,25.0
10099.0,5.0,23.0,72.0,53.0,7.0,40.0,67.0,79.0,55.0,17.0,8.0,25.0,16.0,13.0,20.0
10100.0,9.0,20.0,71.0,49.0,8.0,43.0,61.0,76.0,47.0,21.0,10.0,33.0,18.0,14.0,20.0
10101.0,14.0,21.0,65.0,46.0,7.0,47.0,56.0,68.0,43.0,23.0,15.0,30.0,21.0,17.0,27.0
10103.0,10.0,21.0,69.0,53.0,8.0,39.0,62.0,77.0,47.0,21.0,9.0,33.0,17.0,14.0,20.0
10104.0,8.0,18.0,74.0,48.0,8.0,44.0,57.0,72.0,42.0,23.0,10.0,36.0,20.0,18.0,22.0
10108.0,4.0,18.0,78.0,45.0,10.0,45.0,59.0,72.0,47.0,19.0,12.0,26.0,22.0,16.0,27.0
10110.0,23.0,27.0,50.0,47.92933860938384,7.513284341435839,44.55737704918032,35.0,73.75409836065573,46.33945732052007,46.0,10.00423968343697,31.51271905031091,19.0,16.241661955907293,22.14782362916902
10112.0,11.0,21.0,68.0,46.0,11.0,43.0,61.0,75.0,47.0,27.0,17.0,38.0,12.0,8.0,15.0
10113.0,12.0,21.0,67.0,52.0,8.0,40.0,60.0,76.0,44.0,22.0,11.0,33.0,18.0,13.0,23.0
10114.0,13.0,30.0,57.0,50.0,12.0,38.0,58.0,70.0,45.0,25.0,11.0,38.0,17.0,19.0,17.0
10118.0,22.0,29.0,49.0,57.0,13.0,30.0,57.0,72.0,42.0,25.0,15.0,36.0,18.0,13.0,22.0
10120.0,1.0,29.0,70.0,61.0,3.0,36.0,64.0,74.0,55.0,8.0,1.0,15.0,28.0,25.0,30.0
10125.0,3.0,16.0,81.0,49.0,4.0,47.0,70.0,84.0,57.0,10.0,2.0,19.0,20.0,14.0,24.0
10126.0,6.0,18.0,76.0,47.0,7.0,46.0,69.0,80.0,59.0,16.0,9.0,23.0,15.0,11.0,18.0
10128.0,7.0,11.0,82.0,48.0,5.0,47.0,80.0,87.0,74.0,4.0,1.0,7.0,16.0,12.0,19.0
10129.0,5.0,20.0,75.0,45.0,7.0,48.0,75.0,87.0,64.0,14.0,6.0,22.0,11.0,7.0,14.0
10130.0,3.0,13.0,84.0,54.0,3.0,43.0,63.0,79.0,48.0,17.0,7.0,25.0,20.0,14.0,27.0
10131.0,15.0,23.0,62.0,48.0,12.0,40.0,55.0,71.0,39.0,26.0,12.0,40.0,19.0,17.0,21.0
10139.0,18.0,25.0,57.0,53.0,10.0,37.0,52.0,66.0,38.0,28.0,16.0,40.0,20.0,18.0,22.0
10144.0,8.0,19.0,73.0,48.0,8.0,44.0,55.0,70.0,41.0,22.0,12.0,31.0,23.0,18.0,28.0
10148.0,8.0,23.0,69.0,51.0,6.0,43.0,62.0,72.0,52.0,14.0,9.0,19.0,24.0,19.0,29.0
10149.0,6.0,17.0,77.0,50.0,7.0,43.0,57.0,71.0,44.0,20.0,11.0,29.0,23.0,18.0,27.0
10150.0,15.0,21.0,64.0,51.0,9.0,40.0,65.0,77.0,53.0,16.0,6.0,26.0,19.0,17.0,21.0
10157.0,2.0,41.0,57.0,47.92933860938384,7.513284341435839,44.55737704918032,51.0,73.75409836065573,46.33945732052007,26.0,10.00423968343697,31.51271905031091,23.0,16.241661955907293,22.14782362916902
10158.0,10.0,22.0,68.0,53.0,10.0,37.0,51.0,74.0,29.0,26.0,8.0,44.0,23.0,18.0,27.0
10164.0,10.0,20.0,70.0,54.0,10.0,36.0,58.0,71.0,45.0,21.0,11.0,31.0,21.0,18.0,24.0
10168.0,4.0,10.0,86.0,37.0,5.0,58.0,76.0,85.0,67.0,10.0,3.0,18.0,14.0,12.0,15.0
10169.0,11.0,23.0,66.0,44.0,11.0,45.0,65.0,77.0,53.0,18.0,13.0,22.0,17.0,10.0,25.0
10173.0,2.0,10.0,88.0,36.0,5.0,59.0,74.0,86.0,62.0,11.0,4.0,17.0,15.0,10.0,21.0
10174.0,4.0,25.0,71.0,47.92933860938384,7.513284341435839,44.55737704918032,85.0,73.75409836065573,46.33945732052007,4.0,10.00423968343697,31.51271905031091,11.0,16.241661955907293,22.14782362916902
10175.0,9.0,23.0,68.0,47.92933860938384,7.513284341435839,44.55737704918032,69.0,73.75409836065573,46.33945732052007,14.0,10.00423968343697,31.51271905031091,17.0,16.241661955907293,22.14782362916902
11300.0,3.0,8.0,89.0,41.0,5.0,54.0,87.0,96.0,76.0,2.0,0.0,4.0,11.0,4.0,20.0
11302.0,4.0,15.0,81.0,27.0,3.0,70.0,72.0,83.0,59.0,12.0,0.0,25.0,16.0,17.0,16.0
11304.0,0.0,8.0,92.0,47.92933860938384,7.513284341435839,44.55737704918032,82.0,73.75409836065573,46.33945732052007,3.0,10.00423968343697,31.51271905031091,15.0,16.241661955907293,22.14782362916902
11306.0,5.0,18.0,77.0,47.92933860938384,7.513284341435839,44.55737704918032,80.0,73.75409836065573,46.33945732052007,7.0,10.00423968343697,31.51271905031091,13.0,16.241661955907293,22.14782362916902
20001.0,8.0,24.0,68.0,49.0,7.0,44.0,56.0,71.0,42.0,23.0,11.0,34.0,21.0,18.0,24.0
20006.0,6.0,24.0,70.0,51.0,5.0,44.0,62.0,75.0,48.0,21.0,9.0,32.0,17.0,16.0,20.0
20008.0,6.0,32.0,62.0,48.0,3.0,49.0,63.0,80.0,47.0,15.0,7.0,23.0,22.0,13.0,30.0
20012.0,7.0,23.0,70.0,53.0,8.0,39.0,62.0,78.0,47.0,20.0,9.0,31.0,18.0,13.0,22.0
20017.0,10.0,26.0,64.0,48.0,8.0,44.0,55.0,66.0,44.0,25.0,15.0,34.0,20.0,19.0,22.0
20018.0,13.0,26.0,61.0,69.0,8.0,23.0,49.0,61.0,38.0,27.0,21.0,33.0,24.0,18.0,29.0
20024.0,5.0,22.0,73.0,43.0,5.0,52.0,61.0,74.0,49.0,16.0,6.0,25.0,23.0,20.0,26.0
20026.0,13.0,24.0,63.0,54.0,7.0,39.0,61.0,73.0,50.0,17.0,8.0,25.0,22.0,19.0,25.0
21306.0,5.0,14.0,81.0,44.0,2.0,54.0,69.0,83.0,55.0,17.0,6.0,27.0,14.0,11.0,18.0
21311.0,8.0,26.0,66.0,53.0,5.0,42.0,72.0,82.0,62.0,11.0,6.0,16.0,17.0,12.0,22.0
21313.0,3.0,21.0,76.0,44.0,6.0,50.0,64.0,78.0,49.0,16.0,8.0,23.0,20.0,14.0,28.0
30002.0,10.0,22.0,68.0,52.0,10.0,38.0,55.0,70.0,40.0,25.0,13.0,36.0,20.0,17.0,24.0
30006.0,10.0,24.0,66.0,48.0,10.0,42.0,56.0,71.0,41.0,25.0,11.0,38.0,19.0,18.0,21.0
30007.0,10.0,27.0,63.0,50.0,10.0,40.0,58.0,73.0,43.0,24.0,10.0,38.0,18.0,17.0,19.0
30010.0,17.0,26.0,57.0,52.0,11.0,37.0,53.0,67.0,40.0,28.0,16.0,41.0,19.0,17.0,19.0
30011.0,23.0,29.0,48.0,52.0,16.0,32.0,46.0,60.0,32.0,35.0,20.0,50.0,19.0,20.0,18.0
30012.0,12.0,23.0,65.0,52.0,10.0,38.0,57.0,71.0,42.0,25.0,11.0,39.0,18.0,18.0,19.0
30013.0,14.0,26.0,60.0,49.0,9.0,42.0,51.0,69.0,33.0,29.0,13.0,45.0,20.0,18.0,22.0
30014.0,9.0,20.0,71.0,45.0,9.0,46.0,58.0,72.0,44.0,21.0,11.0,31.0,21.0,17.0,25.0
30016.0,12.0,30.0,58.0,53.0,12.0,35.0,53.0,69.0,39.0,25.0,14.0,35.0,22.0,17.0,26.0
30022.0,13.0,30.0,57.0,45.0,12.0,43.0,54.0,66.0,42.0,24.0,13.0,34.0,22.0,21.0,24.0
30023.0,9.0,22.0,69.0,46.0,7.0,47.0,61.0,74.0,48.0,20.0,10.0,30.0,19.0,16.0,22.0
30024.0,7.0,18.0,75.0,44.0,7.0,49.0,59.0,73.0,44.0,22.0,11.0,33.0,19.0,16.0,23.0
30030.0,26.0,23.0,51.0,47.0,22.0,31.0,41.0,55.0,26.0,34.0,18.0,50.0,25.0,27.0,24.0
30036.0,8.0,18.0,74.0,46.0,7.0,47.0,62.0,76.0,48.0,20.0,10.0,29.0,18.0,14.0,23.0
30037.0,16.0,28.0,56.0,53.0,13.0,34.0,47.0,59.0,36.0,35.0,18.0,51.0,18.0,23.0,13.0
30038.0,7.0,16.0,77.0,46.0,7.0,47.0,61.0,78.0,44.0,20.0,10.0,30.0,19.0,12.0,26.0
30043.0,12.0,26.0,62.0,49.0,11.0,40.0,57.0,70.0,43.0,26.0,14.0,37.0,17.0,16.0,20.0
30055.0,12.0,27.0,61.0,52.0,10.0,38.0,57.0,71.0,44.0,23.0,12.0,33.0,20.0,17.0,23.0
30061.0,13.0,27.0,60.0,48.0,12.0,40.0,49.0,65.0,33.0,30.0,16.0,44.0,21.0,19.0,23.0
30062.0,11.0,25.0,64.0,55.0,10.0,35.0,55.0,70.0,40.0,26.0,11.0,41.0,19.0,19.0,19.0
30064.0,10.0,25.0,65.0,50.0,11.0,39.0,53.0,69.0,38.0,23.0,11.0,34.0,24.0,20.0,28.0
30065.0,13.0,26.0,61.0,53.0,12.0,35.0,49.0,67.0,32.0,28.0,15.0,41.0,23.0,18.0,27.0
30069.0,15.0,31.0,54.0,55.0,11.0,34.0,56.0,69.0,43.0,26.0,15.0,38.0,18.0,16.0,19.0
30071.0,6.0,23.0,71.0,57.0,8.0,35.0,59.0,67.0,51.0,18.0,13.0,22.0,23.0,20.0,27.0
30073.0,12.0,28.0,60.0,58.0,8.0,34.0,63.0,73.0,54.0,17.0,10.0,24.0,20.0,17.0,22.0
30078.0,3.0,26.0,71.0,55.0,8.0,37.0,63.0,77.0,49.0,18.0,12.0,22.0,19.0,11.0,29.0
30083.0,21.0,26.0,53.0,48.0,16.0,36.0,53.0,64.0,41.0,27.0,16.0,39.0,20.0,20.0,20.0
30084.0,19.0,24.0,57.0,65.0,8.0,27.0,61.0,74.0,48.0,19.0,10.0,27.0,20.0,16.0,25.0
30085.0,19.0,30.0,51.0,53.0,14.0,33.0,55.0,69.0,40.0,27.0,14.0,40.0,18.0,17.0,20.0
30087.0,8.0,17.0,75.0,44.0,8.0,48.0,57.0,72.0,42.0,23.0,11.0,36.0,20.0,17.0,22.0
30088.0,14.0,26.0,60.0,48.0,11.0,41.0,47.0,62.0,32.0,29.0,15.0,42.0,24.0,23.0,26.0
30089.0,11.0,23.0,66.0,53.0,11.0,36.0,50.0,64.0,36.0,28.0,15.0,41.0,22.0,21.0,23.0
30092.0,9.0,22.0,69.0,47.0,9.0,44.0,57.0,71.0,43.0,24.0,12.0,36.0,19.0,17.0,21.0
30093.0,13.0,27.0,60.0,51.0,11.0,38.0,50.0,65.0,34.0,29.0,15.0,43.0,21.0,20.0,23.0
30094.0,19.0,25.0,56.0,50.0,13.0,37.0,47.0,60.0,34.0,32.0,19.0,45.0,21.0,21.0,21.0
30101.0,19.0,28.0,53.0,56.0,15.0,29.0,51.0,61.0,41.0,30.0,17.0,42.0,19.0,22.0,17.0
30103.0,2.0,6.0,92.0,32.0,3.0,65.0,66.0,81.0,51.0,16.0,5.0,26.0,18.0,14.0,23.0
30105.0,7.0,23.0,70.0,50.0,9.0,41.0,50.0,68.0,32.0,27.0,12.0,41.0,23.0,20.0,27.0
30107.0,5.0,14.0,81.0,41.0,5.0,54.0,65.0,77.0,53.0,19.0,8.0,29.0,16.0,15.0,18.0
30108.0,7.0,17.0,76.0,43.0,8.0,49.0,66.0,74.0,57.0,18.0,8.0,29.0,16.0,18.0,14.0
30110.0,22.0,30.0,48.0,53.0,16.0,31.0,49.0,63.0,35.0,33.0,19.0,47.0,18.0,18.0,18.0
30111.0,13.0,29.0,58.0,53.0,13.0,34.0,54.0,70.0,38.0,23.0,10.0,35.0,23.0,20.0,27.0
30112.0,4.0,8.0,88.0,36.0,4.0,60.0,82.0,91.0,72.0,8.0,3.0,12.0,10.0,6.0,16.0
30113.0,7.0,22.0,71.0,66.0,8.0,26.0,64.0,79.0,50.0,12.0,7.0,16.0,24.0,14.0,34.0
30114.0,12.0,25.0,63.0,49.0,10.0,41.0,54.0,68.0,40.0,25.0,11.0,39.0,21.0,21.0,21.0
30115.0,7.0,21.0,72.0,51.0,9.0,40.0,55.0,69.0,41.0,23.0,12.0,33.0,22.0,19.0,26.0
30117.0,7.0,17.0,76.0,49.0,8.0,43.0,63.0,76.0,49.0,23.0,11.0,34.0,14.0,13.0,17.0
30119.0,5.0,21.0,74.0,44.0,7.0,49.0,58.0,73.0,44.0,23.0,9.0,37.0,19.0,18.0,19.0
30121.0,15.0,27.0,58.0,53.0,13.0,34.0,53.0,68.0,37.0,27.0,14.0,41.0,20.0,18.0,22.0
30122.0,8.0,21.0,71.0,49.0,9.0,42.0,51.0,69.0,33.0,25.0,13.0,35.0,24.0,18.0,32.0
30123.0,4.0,13.0,83.0,42.0,5.0,53.0,65.0,81.0,48.0,19.0,7.0,32.0,16.0,12.0,20.0
30130.0,7.0,21.0,72.0,46.0,8.0,46.0,59.0,73.0,44.0,19.0,9.0,30.0,22.0,18.0,26.0
30131.0,6.0,10.0,84.0,36.0,8.0,56.0,70.0,86.0,55.0,15.0,6.0,25.0,15.0,8.0,20.0
30134.0,7.0,16.0,77.0,46.0,9.0,45.0,55.0,71.0,40.0,23.0,12.0,35.0,22.0,17.0,25.0
30136.0,2.0,17.0,81.0,33.0,7.0,60.0,68.0,82.0,53.0,17.0,5.0,28.0,15.0,13.0,19.0
30138.0,2.0,8.0,90.0,33.0,4.0,63.0,75.0,86.0,64.0,9.0,3.0,16.0,16.0,11.0,20.0
30139.0,7.0,14.0,79.0,42.0,8.0,50.0,62.0,76.0,48.0,18.0,8.0,29.0,20.0,16.0,23.0
30146.0,5.0,10.0,85.0,41.0,7.0,52.0,62.0,76.0,48.0,19.0,8.0,30.0,19.0,16.0,22.0
30147.0,9.0,19.0,72.0,47.0,11.0,42.0,53.0,67.0,40.0,24.0,13.0,35.0,23.0,20.0,25.0
30148.0,11.0,22.0,67.0,51.0,11.0,38.0,53.0,68.0,37.0,27.0,14.0,41.0,20.0,18.0,22.0
31300.0,6.0,23.0,71.0,43.0,5.0,52.0,59.0,72.0,46.0,21.0,12.0,29.0,20.0,16.0,25.0
31301.0,3.0,14.0,83.0,35.0,4.0,61.0,80.0,89.0,69.0,9.0,0.0,18.0,11.0,11.0,13.0
31304.0,3.0,25.0,72.0,54.0,3.0,43.0,64.0,90.0,38.0,22.0,2.0,41.0,14.0,8.0,21.0
31311.0,11.0,31.0,58.0,56.0,9.0,35.0,60.0,76.0,45.0,15.0,8.0,22.0,25.0,16.0,33.0
31312.0,4.0,8.0,88.0,40.0,4.0,56.0,70.0,81.0,57.0,16.0,11.0,23.0,14.0,8.0,20.0
31313.0,14.0,20.0,66.0,54.0,4.0,42.0,61.0,77.0,45.0,15.0,3.0,27.0,24.0,20.0,28.0
31314.0,8.0,26.0,66.0,54.0,14.0,32.0,58.0,70.0,47.0,20.0,14.0,25.0,22.0,16.0,28.0
31315.0,4.0,20.0,76.0,40.0,4.0,56.0,74.0,88.0,58.0,10.0,6.0,14.0,16.0,6.0,28.0
31317.0,5.0,21.0,74.0,49.0,10.0,41.0,57.0,73.0,40.0,23.0,7.0,40.0,20.0,20.0,20.0
31318.0,5.0,21.0,74.0,42.0,9.0,49.0,68.0,80.0,55.0,17.0,7.0,25.0,15.0,13.0,20.0
31319.0,4.0,20.0,76.0,44.0,8.0,48.0,60.0,79.0,41.0,21.0,9.0,34.0,19.0,12.0,25.0
40001.0,10.0,20.0,70.0,54.0,6.0,40.0,59.0,72.0,47.0,20.0,7.0,32.0,21.0,21.0,21.0
40002.0,9.0,18.0,73.0,48.0,9.0,43.0,61.0,77.0,44.0,25.0,13.0,37.0,14.0,10.0,19.0
40004.0,7.0,24.0,69.0,51.0,7.0,42.0,54.0,69.0,40.0,24.0,12.0,37.0,22.0,19.0,23.0
40007.0,13.0,26.0,61.0,51.0,9.0,40.0,53.0,67.0,39.0,26.0,14.0,39.0,21.0,19.0,22.0
40010.0,6.0,20.0,74.0,50.0,5.0,45.0,55.0,69.0,41.0,26.0,12.0,40.0,19.0,19.0,19.0
40011.0,7.0,17.0,76.0,48.0,9.0,43.0,67.0,79.0,56.0,20.0,8.0,32.0,13.0,13.0,12.0
40014.0,12.0,24.0,64.0,55.0,9.0,36.0,54.0,69.0,40.0,25.0,13.0,36.0,21.0,18.0,24.0
40015.0,11.0,25.0,64.0,64.0,6.0,30.0,54.0,67.0,41.0,20.0,10.0,30.0,26.0,23.0,29.0
40016.0,8.0,20.0,72.0,48.0,8.0,44.0,60.0,75.0,45.0,19.0,8.0,30.0,21.0,17.0,25.0
40017.0,11.0,22.0,67.0,50.0,6.0,44.0,65.0,80.0,50.0,22.0,9.0,35.0,13.0,11.0,15.0
40019.0,14.0,26.0,60.0,47.0,14.0,39.0,61.0,71.0,51.0,15.0,8.0,22.0,24.0,21.0,27.0
40020.0,10.0,21.0,69.0,53.0,7.0,40.0,52.0,66.0,39.0,26.0,13.0,40.0,22.0,21.0,21.0
40022.0,9.0,22.0,69.0,52.0,8.0,40.0,58.0,71.0,45.0,23.0,11.0,35.0,19.0,18.0,20.0
40026.0,11.0,18.0,71.0,48.0,8.0,44.0,57.0,72.0,43.0,22.0,10.0,34.0,21.0,18.0,23.0
40027.0,7.0,19.0,74.0,50.0,7.0,43.0,57.0,69.0,45.0,23.0,9.0,36.0,20.0,22.0,19.0
40029.0,8.0,17.0,75.0,46.0,6.0,48.0,63.0,76.0,49.0,20.0,8.0,32.0,17.0,16.0,19.0
40036.0,16.0,25.0,59.0,52.0,12.0,36.0,51.0,66.0,37.0,28.0,15.0,39.0,21.0,19.0,24.0
40039.0,13.0,27.0,60.0,51.0,12.0,37.0,52.0,66.0,39.0,25.0,14.0,37.0,23.0,20.0,24.0
40041.0,10.0,26.0,64.0,52.0,7.0,41.0,62.0,78.0,47.0,20.0,8.0,31.0,18.0,14.0,22.0
40050.0,12.0,14.0,74.0,46.0,12.0,42.0,64.0,76.0,52.0,19.0,8.0,30.0,17.0,16.0,18.0
40051.0,4.0,25.0,71.0,47.0,7.0,46.0,69.0,80.0,57.0,15.0,9.0,21.0,16.0,11.0,22.0
40055.0,15.0,28.0,57.0,56.0,9.0,35.0,52.0,65.0,39.0,29.0,16.0,42.0,19.0,19.0,19.0
40062.0,10.0,24.0,66.0,54.0,7.0,39.0,54.0,68.0,40.0,24.0,13.0,36.0,22.0,19.0,24.0
40067.0,7.0,28.0,65.0,50.0,4.0,46.0,72.0,85.0,59.0,9.0,3.0,14.0,19.0,12.0,27.0
40069.0,17.0,27.0,56.0,53.0,16.0,31.0,43.0,57.0,30.0,33.0,21.0,45.0,24.0,22.0,25.0
40071.0,8.0,24.0,68.0,45.0,11.0,44.0,57.0,72.0,42.0,23.0,11.0,35.0,20.0,17.0,23.0
40072.0,1.0,20.0,79.0,47.0,3.0,50.0,71.0,80.0,62.0,15.0,13.0,17.0,14.0,7.0,21.0
40076.0,11.0,12.0,77.0,57.0,9.0,34.0,68.0,88.0,48.0,17.0,5.0,30.0,15.0,7.0,22.0
40078.0,16.0,24.0,60.0,49.0,14.0,37.0,47.0,58.0,36.0,31.0,20.0,43.0,22.0,22.0,21.0
40084.0,16.0,23.0,61.0,48.0,12.0,40.0,56.0,70.0,41.0,27.0,14.0,40.0,17.0,16.0,19.0
40114.0,11.0,22.0,67.0,51.0,8.0,41.0,57.0,71.0,43.0,25.0,12.0,38.0,18.0,17.0,19.0
40118.0,7.0,17.0,76.0,47.0,5.0,48.0,55.0,69.0,42.0,20.0,9.0,31.0,25.0,22.0,27.0
40119.0,7.0,25.0,68.0,49.0,8.0,43.0,59.0,73.0,45.0,21.0,10.0,30.0,20.0,17.0,25.0
40134.0,3.0,10.0,87.0,42.0,5.0,53.0,69.0,83.0,56.0,15.0,5.0,25.0,16.0,12.0,19.0
40137.0,10.0,21.0,69.0,46.0,9.0,45.0,60.0,73.0,46.0,23.0,10.0,36.0,17.0,17.0,18.0
40147.0,4.0,10.0,86.0,36.0,6.0,58.0,73.0,86.0,59.0,16.0,5.0,26.0,11.0,9.0,15.0
40153.0,14.0,25.0,61.0,47.92933860938384,7.513284341435839,44.55737704918032,66.0,73.75409836065573,46.33945732052007,12.0,10.00423968343697,31.51271905031091,22.0,16.241661955907293,22.14782362916902
40154.0,8.0,17.0,75.0,51.0,7.0,42.0,59.0,74.0,44.0,22.0,9.0,36.0,19.0,17.0,20.0
40156.0,2.0,15.0,83.0,47.92933860938384,7.513284341435839,44.55737704918032,56.0,73.75409836065573,46.33945732052007,30.0,10.00423968343697,31.51271905031091,14.0,16.241661955907293,22.14782362916902
40161.0,4.0,8.0,88.0,39.0,5.0,56.0,72.0,83.0,61.0,14.0,7.0,21.0,14.0,10.0,18.0
41300.0,7.0,10.0,83.0,36.0,3.0,61.0,72.0,83.0,61.0,11.0,7.0,16.0,17.0,10.0,23.0
41302.0,1.0,38.0,61.0,47.92933860938384,7.513284341435839,44.55737704918032,57.0,73.75409836065573,46.33945732052007,23.0,10.00423968343697,31.51271905031091,20.0,16.241661955907293,22.14782362916902
41303.0,9.0,28.0,63.0,53.0,10.0,37.0,66.0,73.0,57.0,18.0,10.0,27.0,16.0,17.0,16.0
41305.0,9.0,18.0,73.0,47.92933860938384,7.513284341435839,44.55737704918032,78.0,73.75409836065573,46.33945732052007,14.0,10.00423968343697,31.51271905031091,8.0,16.241661955907293,22.14782362916902
41306.0,0.0,1.0,99.0,47.92933860938384,7.513284341435839,44.55737704918032,80.0,73.75409836065573,46.33945732052007,0.0,10.00423968343697,31.51271905031091,20.0,16.241661955907293,22.14782362916902
41307.0,3.0,9.0,88.0,47.0,4.0,49.0,73.0,81.0,65.0,12.0,8.0,17.0,15.0,11.0,18.0
41310.0,6.0,28.0,66.0,47.92933860938384,7.513284341435839,44.55737704918032,68.0,73.75409836065573,46.33945732052007,2.0,10.00423968343697,31.51271905031091,30.0,16.241661955907293,22.14782362916902
41311.0,1.0,11.0,88.0,44.0,3.0,53.0,71.0,86.0,55.0,12.0,4.0,21.0,17.0,10.0,24.0
41312.0,6.0,19.0,75.0,52.0,4.0,44.0,71.0,83.0,59.0,14.0,7.0,22.0,15.0,10.0,19.0
41313.0,3.0,18.0,79.0,50.0,4.0,46.0,51.0,58.0,43.0,23.0,15.0,30.0,26.0,27.0,27.0
41318.0,9.0,20.0,71.0,53.0,6.0,41.0,72.0,91.0,52.0,15.0,3.0,28.0,13.0,6.0,20.0
41321.0,9.0,24.0,67.0,38.0,8.0,54.0,54.0,72.0,37.0,24.0,12.0,37.0,22.0,16.0,26.0
41322.0,15.0,13.0,72.0,47.92933860938384,7.513284341435839,44.55737704918032,67.0,73.75409836065573,46.33945732052007,14.0,10.00423968343697,31.51271905031091,19.0,16.241661955907293,22.14782362916902
41323.0,3.0,20.0,77.0,39.0,3.0,58.0,63.0,80.0,46.0,21.0,5.0,36.0,16.0,15.0,18.0
41324.0,4.0,18.0,78.0,46.0,7.0,47.0,62.0,84.0,40.0,15.0,5.0,26.0,23.0,11.0,34.0
41326.0,11.0,17.0,72.0,47.92933860938384,7.513284341435839,44.55737704918032,52.0,73.75409836065573,46.33945732052007,16.0,10.00423968343697,31.51271905031091,32.0,16.241661955907293,22.14782362916902
41327.0,7.0,22.0,71.0,50.0,3.0,47.0,62.0,68.0,57.0,10.0,9.0,11.0,28.0,23.0,32.0
41328.0,8.0,11.0,81.0,47.92933860938384,7.513284341435839,44.55737704918032,83.0,73.75409836065573,46.33945732052007,6.0,10.00423968343697,31.51271905031091,11.0,16.241661955907293,22.14782362916902
41329.0,5.0,16.0,79.0,51.0,6.0,43.0,68.0,79.0,57.0,17.0,4.0,30.0,15.0,17.0,13.0
41330.0,8.0,24.0,68.0,49.0,4.0,47.0,56.0,70.0,42.0,26.0,16.0,37.0,18.0,14.0,21.0
41331.0,0.0,33.0,67.0,47.92933860938384,7.513284341435839,44.55737704918032,60.0,73.75409836065573,46.33945732052007,20.0,10.00423968343697,31.51271905031091,20.0,16.241661955907293,22.14782362916902
41332.0,7.0,21.0,72.0,56.0,5.0,39.0,71.0,82.0,61.0,15.0,7.0,22.0,14.0,11.0,17.0
50002.0,10.0,25.0,65.0,59.0,14.0,27.0,48.0,63.0,33.0,29.0,15.0,43.0,23.0,22.0,24.0
50006.0,12.0,29.0,59.0,56.0,7.0,37.0,54.0,68.0,40.0,24.0,11.0,37.0,22.0,21.0,23.0
50007.0,5.0,19.0,76.0,48.0,6.0,46.0,57.0,70.0,44.0,22.0,11.0,32.0,21.0,19.0,24.0
50008.0,8.0,24.0,68.0,49.0,7.0,44.0,52.0,67.0,37.0,24.0,11.0,38.0,24.0,22.0,25.0
50009.0,7.0,23.0,70.0,49.0,8.0,43.0,59.0,73.0,45.0,21.0,12.0,31.0,20.0,15.0,24.0
50013.0,8.0,18.0,74.0,51.0,5.0,44.0,59.0,72.0,45.0,21.0,11.0,31.0,20.0,17.0,24.0
50014.0,3.0,17.0,80.0,51.0,5.0,44.0,62.0,77.0,47.0,18.0,7.0,28.0,20.0,16.0,25.0
50017.0,7.0,19.0,74.0,47.0,5.0,48.0,60.0,75.0,46.0,20.0,8.0,32.0,20.0,17.0,22.0
50022.0,12.0,26.0,62.0,54.0,11.0,35.0,54.0,70.0,38.0,28.0,14.0,42.0,18.0,16.0,20.0
50024.0,15.0,28.0,57.0,54.0,14.0,32.0,51.0,63.0,40.0,30.0,20.0,40.0,19.0,17.0,20.0
50025.0,8.0,17.0,75.0,42.0,7.0,51.0,62.0,75.0,48.0,19.0,9.0,30.0,19.0,16.0,22.0
50026.0,10.0,20.0,70.0,47.0,8.0,45.0,60.0,73.0,47.0,21.0,10.0,31.0,19.0,17.0,22.0
50028.0,7.0,30.0,63.0,58.0,6.0,36.0,64.0,80.0,49.0,17.0,5.0,30.0,19.0,15.0,21.0
50030.0,24.0,34.0,42.0,62.0,17.0,21.0,49.0,61.0,36.0,30.0,16.0,44.0,21.0,23.0,20.0
50036.0,11.0,22.0,67.0,47.0,10.0,43.0,57.0,71.0,42.0,24.0,11.0,37.0,19.0,18.0,21.0
50038.0,8.0,24.0,68.0,59.0,11.0,30.0,53.0,68.0,38.0,24.0,13.0,34.0,23.0,19.0,28.0
50039.0,8.0,20.0,72.0,52.0,9.0,39.0,54.0,71.0,38.0,23.0,11.0,34.0,23.0,18.0,28.0
50040.0,11.0,25.0,64.0,52.0,10.0,38.0,58.0,71.0,45.0,21.0,11.0,30.0,21.0,18.0,25.0
50042.0,8.0,22.0,70.0,45.0,7.0,48.0,64.0,78.0,50.0,18.0,7.0,29.0,18.0,15.0,21.0
50043.0,7.0,23.0,70.0,48.0,9.0,43.0,55.0,68.0,43.0,24.0,13.0,36.0,21.0,19.0,21.0
50045.0,15.0,26.0,59.0,53.0,8.0,39.0,50.0,66.0,35.0,27.0,15.0,39.0,23.0,19.0,26.0
50047.0,5.0,16.0,79.0,49.0,6.0,45.0,59.0,72.0,47.0,20.0,9.0,31.0,21.0,19.0,22.0
50054.0,7.0,24.0,69.0,48.0,8.0,44.0,56.0,70.0,42.0,24.0,11.0,37.0,20.0,19.0,21.0
50055.0,8.0,24.0,68.0,54.0,9.0,37.0,57.0,71.0,42.0,25.0,13.0,36.0,18.0,16.0,22.0
50056.0,21.0,28.0,51.0,52.0,16.0,32.0,50.0,61.0,38.0,30.0,16.0,45.0,20.0,23.0,17.0
50057.0,11.0,21.0,68.0,54.0,9.0,37.0,58.0,71.0,45.0,20.0,12.0,28.0,22.0,17.0,27.0
50058.0,10.0,22.0,68.0,48.0,10.0,42.0,57.0,69.0,45.0,22.0,11.0,34.0,21.0,20.0,21.0
50060.0,11.0,25.0,64.0,54.0,9.0,37.0,55.0,67.0,44.0,27.0,18.0,35.0,18.0,15.0,21.0
50063.0,13.0,30.0,57.0,66.0,13.0,21.0,49.0,64.0,35.0,26.0,14.0,38.0,25.0,22.0,27.0
50067.0,13.0,25.0,62.0,45.0,14.0,41.0,56.0,76.0,36.0,30.0,14.0,45.0,14.0,10.0,19.0
50069.0,6.0,16.0,78.0,41.0,8.0,51.0,59.0,72.0,45.0,22.0,11.0,34.0,19.0,17.0,21.0
50070.0,7.0,23.0,70.0,51.0,7.0,42.0,61.0,73.0,49.0,18.0,10.0,27.0,21.0,17.0,24.0
50071.0,10.0,22.0,68.0,47.0,10.0,43.0,59.0,72.0,46.0,23.0,10.0,35.0,18.0,18.0,19.0
50072.0,11.0,29.0,60.0,50.0,8.0,42.0,52.0,69.0,35.0,24.0,12.0,36.0,24.0,19.0,29.0
50073.0,6.0,24.0,70.0,51.0,6.0,43.0,59.0,73.0,44.0,22.0,11.0,34.0,19.0,16.0,22.0
50075.0,8.0,25.0,67.0,52.0,9.0,39.0,53.0,67.0,39.0,25.0,13.0,38.0,22.0,20.0,23.0
50076.0,8.0,26.0,66.0,52.0,7.0,41.0,57.0,72.0,42.0,22.0,9.0,34.0,21.0,19.0,24.0
50077.0,10.0,24.0,66.0,47.0,8.0,45.0,59.0,71.0,46.0,22.0,12.0,33.0,19.0,17.0,21.0
50078.0,9.0,19.0,72.0,47.0,7.0,46.0,61.0,74.0,48.0,19.0,9.0,29.0,20.0,17.0,23.0
50082.0,10.0,23.0,67.0,53.0,8.0,39.0,57.0,71.0,43.0,23.0,12.0,35.0,20.0,17.0,22.0
50084.0,10.0,23.0,67.0,47.0,6.0,47.0,64.0,77.0,50.0,19.0,9.0,29.0,17.0,14.0,21.0
50089.0,9.0,24.0,67.0,51.0,10.0,39.0,59.0,71.0,46.0,23.0,13.0,34.0,18.0,16.0,20.0
50090.0,5.0,27.0,68.0,51.0,9.0,40.0,56.0,71.0,42.0,16.0,4.0,29.0,28.0,25.0,29.0
50091.0,21.0,31.0,48.0,45.0,19.0,36.0,40.0,54.0,26.0,40.0,26.0,54.0,20.0,20.0,20.0
50093.0,12.0,26.0,62.0,59.0,11.0,30.0,50.0,65.0,35.0,27.0,15.0,38.0,23.0,20.0,27.0
50099.0,11.0,23.0,66.0,52.0,11.0,37.0,51.0,67.0,36.0,26.0,13.0,38.0,23.0,20.0,26.0
50100.0,6.0,17.0,77.0,44.0,7.0,49.0,61.0,75.0,48.0,20.0,9.0,30.0,19.0,16.0,22.0
50101.0,10.0,23.0,67.0,52.0,7.0,41.0,56.0,70.0,43.0,21.0,11.0,32.0,23.0,19.0,25.0
50102.0,11.0,24.0,65.0,52.0,9.0,39.0,59.0,72.0,47.0,26.0,16.0,36.0,15.0,12.0,17.0
50103.0,15.0,26.0,59.0,53.0,13.0,34.0,58.0,70.0,47.0,28.0,16.0,39.0,14.0,14.0,14.0
50104.0,12.0,26.0,62.0,62.0,13.0,25.0,48.0,65.0,32.0,30.0,13.0,45.0,22.0,22.0,23.0
50107.0,9.0,24.0,67.0,53.0,8.0,39.0,59.0,72.0,45.0,19.0,9.0,30.0,22.0,19.0,25.0
50108.0,7.0,19.0,74.0,49.0,6.0,45.0,60.0,74.0,47.0,22.0,11.0,34.0,18.0,15.0,19.0
50110.0,16.0,28.0,56.0,55.0,9.0,36.0,61.0,71.0,52.0,21.0,12.0,30.0,18.0,17.0,18.0
50112.0,8.0,20.0,72.0,44.0,9.0,47.0,57.0,71.0,42.0,23.0,11.0,35.0,20.0,18.0,23.0
50113.0,6.0,23.0,71.0,44.0,8.0,48.0,65.0,76.0,54.0,20.0,13.0,27.0,15.0,11.0,19.0
50115.0,10.0,23.0,67.0,50.0,10.0,40.0,54.0,68.0,41.0,25.0,14.0,36.0,21.0,18.0,23.0
50116.0,9.0,21.0,70.0,47.0,9.0,44.0,57.0,70.0,44.0,24.0,13.0,35.0,19.0,17.0,21.0
50118.0,13.0,23.0,64.0,52.0,8.0,40.0,59.0,74.0,44.0,23.0,11.0,36.0,18.0,15.0,20.0
50121.0,12.0,25.0,63.0,53.0,11.0,36.0,52.0,66.0,38.0,27.0,15.0,40.0,21.0,19.0,22.0
50122.0,18.0,27.0,55.0,51.0,14.0,35.0,57.0,68.0,47.0,28.0,16.0,40.0,15.0,16.0,13.0
50124.0,10.0,20.0,70.0,53.0,8.0,39.0,56.0,70.0,42.0,22.0,10.0,34.0,22.0,20.0,24.0
50125.0,13.0,26.0,61.0,48.0,12.0,40.0,51.0,64.0,39.0,27.0,16.0,38.0,22.0,20.0,23.0
50126.0,9.0,23.0,68.0,48.0,12.0,40.0,58.0,73.0,43.0,23.0,12.0,35.0,19.0,15.0,22.0
50127.0,10.0,21.0,69.0,42.0,5.0,53.0,59.0,71.0,47.0,18.0,8.0,28.0,23.0,21.0,25.0
50128.0,19.0,31.0,50.0,51.0,15.0,34.0,48.0,63.0,34.0,32.0,18.0,45.0,20.0,19.0,21.0
50129.0,9.0,20.0,71.0,45.0,8.0,47.0,58.0,71.0,45.0,24.0,12.0,36.0,18.0,17.0,19.0
50131.0,6.0,17.0,77.0,43.0,5.0,52.0,64.0,78.0,51.0,17.0,7.0,27.0,19.0,15.0,22.0
50132.0,10.0,20.0,70.0,43.0,9.0,48.0,65.0,74.0,55.0,19.0,11.0,27.0,16.0,15.0,18.0
50133.0,17.0,30.0,53.0,56.0,12.0,32.0,57.0,70.0,44.0,22.0,11.0,33.0,21.0,19.0,23.0
50135.0,28.0,28.0,44.0,49.0,20.0,31.0,40.0,53.0,26.0,38.0,24.0,52.0,22.0,23.0,22.0
50136.0,11.0,25.0,64.0,46.0,9.0,45.0,54.0,65.0,43.0,28.0,14.0,42.0,18.0,21.0,15.0
50137.0,7.0,20.0,73.0,46.0,9.0,45.0,61.0,73.0,49.0,20.0,9.0,31.0,19.0,18.0,20.0
50138.0,8.0,19.0,73.0,46.0,11.0,43.0,60.0,74.0,46.0,21.0,10.0,31.0,19.0,16.0,23.0
50139.0,8.0,20.0,72.0,47.0,8.0,45.0,62.0,75.0,49.0,18.0,7.0,28.0,20.0,18.0,23.0
50140.0,5.0,17.0,78.0,44.0,7.0,49.0,66.0,78.0,55.0,17.0,8.0,26.0,17.0,14.0,19.0
50145.0,7.0,15.0,78.0,43.0,6.0,51.0,63.0,78.0,47.0,19.0,6.0,31.0,18.0,16.0,22.0
50149.0,13.0,24.0,63.0,46.0,13.0,41.0,54.0,68.0,40.0,26.0,14.0,39.0,20.0,18.0,21.0
50150.0,12.0,26.0,62.0,51.0,8.0,41.0,62.0,77.0,48.0,18.0,8.0,27.0,20.0,15.0,25.0
50152.0,11.0,25.0,64.0,45.0,13.0,42.0,56.0,69.0,43.0,21.0,7.0,34.0,23.0,24.0,23.0
50158.0,22.0,32.0,46.0,54.0,21.0,25.0,41.0,59.0,24.0,42.0,28.0,57.0,17.0,13.0,19.0
50159.0,12.0,23.0,65.0,49.0,10.0,41.0,53.0,65.0,41.0,25.0,13.0,37.0,22.0,22.0,22.0
50167.0,13.0,28.0,59.0,61.0,15.0,24.0,47.0,61.0,32.0,30.0,18.0,41.0,23.0,21.0,27.0
50168.0,5.0,18.0,77.0,45.0,6.0,49.0,59.0,73.0,44.0,23.0,11.0,34.0,18.0,16.0,22.0
50169.0,6.0,18.0,76.0,46.0,8.0,46.0,60.0,76.0,45.0,19.0,9.0,29.0,21.0,15.0,26.0
50174.0,13.0,25.0,62.0,53.0,9.0,38.0,51.0,66.0,35.0,27.0,13.0,42.0,22.0,21.0,23.0
50179.0,15.0,28.0,57.0,54.0,13.0,33.0,51.0,65.0,36.0,28.0,16.0,40.0,21.0,19.0,24.0
50180.0,8.0,20.0,72.0,47.0,9.0,44.0,52.0,66.0,38.0,25.0,11.0,39.0,23.0,23.0,23.0
50191.0,10.0,25.0,65.0,52.0,9.0,39.0,58.0,71.0,45.0,22.0,10.0,33.0,20.0,19.0,22.0
50192.0,10.0,29.0,61.0,53.0,13.0,34.0,53.0,62.0,45.0,26.0,10.0,41.0,21.0,28.0,14.0
50194.0,12.0,26.0,62.0,53.0,9.0,38.0,58.0,70.0,46.0,22.0,11.0,33.0,20.0,19.0,21.0
50195.0,8.0,20.0,72.0,49.0,6.0,45.0,59.0,73.0,45.0,20.0,10.0,31.0,21.0,17.0,24.0
50197.0,8.0,15.0,77.0,45.0,7.0,48.0,59.0,74.0,43.0,24.0,9.0,38.0,17.0,17.0,19.0
50204.0,9.0,23.0,68.0,50.0,11.0,39.0,53.0,66.0,39.0,28.0,15.0,41.0,19.0,19.0,20.0
50211.0,10.0,27.0,63.0,54.0,11.0,35.0,49.0,65.0,34.0,28.0,17.0,39.0,23.0,18.0,27.0
50222.0,9.0,18.0,73.0,41.0,8.0,51.0,59.0,73.0,45.0,22.0,10.0,33.0,19.0,17.0,22.0
50224.0,6.0,13.0,81.0,44.0,7.0,49.0,60.0,74.0,46.0,21.0,9.0,32.0,19.0,17.0,22.0
50226.0,13.0,30.0,57.0,55.0,12.0,33.0,52.0,66.0,37.0,28.0,16.0,40.0,20.0,18.0,23.0
50228.0,8.0,19.0,73.0,49.0,10.0,41.0,55.0,67.0,43.0,22.0,12.0,33.0,23.0,21.0,24.0
50230.0,15.0,27.0,58.0,59.0,14.0,27.0,45.0,63.0,28.0,31.0,17.0,45.0,24.0,20.0,27.0
50231.0,10.0,22.0,68.0,49.0,10.0,41.0,57.0,72.0,41.0,23.0,10.0,35.0,20.0,18.0,24.0
50232.0,8.0,24.0,68.0,50.0,5.0,45.0,59.0,75.0,44.0,21.0,8.0,34.0,20.0,17.0,22.0
50234.0,6.0,16.0,78.0,39.0,6.0,55.0,66.0,76.0,56.0,17.0,7.0,27.0,17.0,17.0,17.0
50235.0,11.0,16.0,73.0,45.0,13.0,42.0,57.0,72.0,42.0,26.0,14.0,39.0,17.0,14.0,19.0
50236.0,8.0,24.0,68.0,51.0,9.0,40.0,55.0,72.0,37.0,27.0,14.0,39.0,18.0,14.0,24.0
50238.0,11.0,29.0,60.0,53.0,8.0,39.0,52.0,66.0,38.0,29.0,15.0,42.0,19.0,19.0,20.0
50239.0,12.0,23.0,65.0,52.0,8.0,40.0,60.0,72.0,48.0,23.0,12.0,34.0,17.0,16.0,18.0
50242.0,10.0,25.0,65.0,49.0,8.0,43.0,61.0,75.0,46.0,20.0,10.0,29.0,19.0,15.0,25.0
50243.0,15.0,24.0,61.0,49.0,14.0,37.0,55.0,67.0,43.0,26.0,15.0,37.0,19.0,18.0,20.0
50245.0,12.0,23.0,65.0,49.0,11.0,40.0,59.0,71.0,47.0,25.0,15.0,34.0,16.0,14.0,19.0
50248.0,11.0,24.0,65.0,49.0,9.0,42.0,60.0,73.0,48.0,21.0,11.0,30.0,19.0,16.0,22.0
50254.0,8.0,22.0,70.0,51.0,9.0,40.0,57.0,73.0,41.0,22.0,8.0,36.0,21.0,19.0,23.0
50257.0,21.0,30.0,49.0,51.0,21.0,28.0,61.0,82.0,39.0,21.0,8.0,34.0,18.0,10.0,27.0
50261.0,14.0,27.0,59.0,51.0,9.0,40.0,61.0,75.0,47.0,21.0,10.0,32.0,18.0,15.0,21.0
50262.0,8.0,18.0,74.0,45.0,7.0,48.0,58.0,73.0,43.0,22.0,11.0,33.0,20.0,16.0,24.0
50272.0,6.0,20.0,74.0,49.0,9.0,42.0,56.0,71.0,41.0,22.0,10.0,33.0,22.0,19.0,26.0
50276.0,8.0,19.0,73.0,47.0,7.0,46.0,61.0,72.0,50.0,19.0,10.0,28.0,20.0,18.0,22.0
50278.0,7.0,18.0,75.0,47.0,7.0,46.0,57.0,75.0,40.0,21.0,8.0,33.0,22.0,17.0,27.0
50279.0,18.0,30.0,52.0,51.0,15.0,34.0,54.0,66.0,42.0,28.0,17.0,38.0,18.0,17.0,20.0
50280.0,11.0,26.0,63.0,50.0,8.0,42.0,55.0,70.0,41.0,24.0,12.0,36.0,21.0,18.0,23.0
50281.0,12.0,17.0,71.0,45.0,10.0,45.0,63.0,74.0,52.0,21.0,11.0,31.0,16.0,15.0,17.0
50283.0,8.0,19.0,73.0,48.0,5.0,47.0,56.0,71.0,42.0,22.0,9.0,34.0,22.0,20.0,24.0
50289.0,16.0,31.0,53.0,51.0,13.0,36.0,52.0,65.0,40.0,30.0,18.0,41.0,18.0,17.0,19.0
50290.0,8.0,16.0,76.0,46.0,8.0,46.0,55.0,68.0,42.0,25.0,13.0,37.0,20.0,19.0,21.0
50291.0,5.0,19.0,76.0,49.0,6.0,45.0,60.0,75.0,46.0,20.0,10.0,31.0,20.0,15.0,23.0
50292.0,12.0,24.0,64.0,49.0,9.0,42.0,53.0,63.0,43.0,26.0,14.0,37.0,21.0,23.0,20.0
50295.0,11.0,22.0,67.0,51.0,11.0,38.0,66.0,78.0,53.0,16.0,7.0,25.0,18.0,15.0,22.0
50298.0,8.0,26.0,66.0,49.0,13.0,38.0,60.0,71.0,49.0,19.0,9.0,29.0,21.0,20.0,22.0
50300.0,22.0,25.0,53.0,51.0,14.0,35.0,50.0,64.0,36.0,33.0,20.0,47.0,17.0,16.0,17.0
50301.0,14.0,26.0,60.0,59.0,6.0,35.0,55.0,69.0,42.0,24.0,13.0,36.0,21.0,18.0,22.0
50305.0,13.0,32.0,55.0,57.0,9.0,34.0,51.0,65.0,37.0,28.0,14.0,42.0,21.0,21.0,21.0
50308.0,6.0,20.0,74.0,49.0,5.0,46.0,58.0,74.0,43.0,22.0,10.0,34.0,20.0,16.0,23.0
50309.0,8.0,18.0,74.0,49.0,7.0,44.0,56.0,69.0,43.0,25.0,13.0,36.0,19.0,18.0,21.0
50313.0,11.0,23.0,66.0,46.0,9.0,45.0,57.0,73.0,41.0,27.0,14.0,40.0,16.0,13.0,19.0
50315.0,16.0,27.0,57.0,54.0,13.0,33.0,54.0,65.0,42.0,28.0,18.0,38.0,18.0,17.0,20.0
50320.0,10.0,23.0,67.0,58.0,11.0,31.0,52.0,67.0,38.0,25.0,12.0,37.0,23.0,21.0,25.0
50324.0,6.0,15.0,79.0,43.0,7.0,50.0,61.0,74.0,47.0,20.0,10.0,30.0,19.0,16.0,23.0
50327.0,6.0,17.0,77.0,47.0,8.0,45.0,55.0,70.0,41.0,22.0,12.0,32.0,23.0,18.0,27.0
50329.0,15.0,27.0,58.0,51.0,12.0,37.0,57.0,72.0,43.0,24.0,12.0,35.0,19.0,16.0,22.0
50334.0,7.0,19.0,74.0,44.0,7.0,49.0,65.0,78.0,52.0,17.0,8.0,26.0,18.0,14.0,22.0
50335.0,8.0,29.0,63.0,55.0,5.0,40.0,59.0,73.0,45.0,22.0,9.0,35.0,19.0,18.0,20.0
50336.0,13.0,21.0,66.0,49.0,11.0,40.0,54.0,66.0,41.0,27.0,15.0,38.0,19.0,19.0,21.0
50342.0,14.0,28.0,58.0,54.0,11.0,35.0,59.0,74.0,43.0,25.0,15.0,35.0,16.0,11.0,22.0
50348.0,6.0,19.0,75.0,46.0,7.0,47.0,59.0,73.0,45.0,19.0,9.0,30.0,22.0,18.0,25.0
50351.0,6.0,14.0,80.0,48.0,7.0,45.0,60.0,73.0,47.0,21.0,9.0,32.0,19.0,18.0,21.0
50352.0,6.0,24.0,70.0,43.0,6.0,51.0,71.0,85.0,56.0,15.0,6.0,24.0,14.0,9.0,20.0
50353.0,11.0,20.0,69.0,47.0,10.0,43.0,57.0,71.0,42.0,27.0,15.0,38.0,16.0,14.0,20.0
50357.0,3.0,10.0,87.0,39.0,5.0,56.0,66.0,80.0,52.0,16.0,6.0,26.0,18.0,14.0,22.0
50360.0,8.0,22.0,70.0,57.0,8.0,35.0,48.0,65.0,32.0,26.0,14.0,38.0,26.0,21.0,30.0
50367.0,8.0,25.0,67.0,58.0,9.0,33.0,51.0,68.0,35.0,27.0,15.0,39.0,22.0,17.0,26.0
50373.0,10.0,25.0,65.0,50.0,12.0,38.0,58.0,71.0,44.0,21.0,10.0,32.0,21.0,19.0,24.0
50376.0,13.0,23.0,64.0,50.0,11.0,39.0,51.0,65.0,37.0,30.0,17.0,43.0,19.0,18.0,20.0
50378.0,25.0,35.0,40.0,56.0,23.0,21.0,41.0,58.0,27.0,30.0,17.0,42.0,29.0,25.0,31.0
50380.0,16.0,26.0,58.0,50.0,12.0,38.0,51.0,65.0,38.0,30.0,16.0,43.0,19.0,19.0,19.0
50382.0,12.0,24.0,64.0,51.0,11.0,38.0,54.0,71.0,37.0,26.0,12.0,41.0,20.0,17.0,22.0
50390.0,23.0,32.0,45.0,51.0,21.0,28.0,43.0,57.0,30.0,36.0,21.0,50.0,21.0,22.0,20.0
50393.0,8.0,23.0,69.0,55.0,10.0,35.0,55.0,72.0,39.0,26.0,12.0,39.0,19.0,16.0,22.0
50394.0,6.0,19.0,75.0,48.0,6.0,46.0,57.0,73.0,42.0,21.0,9.0,32.0,22.0,18.0,26.0
50396.0,5.0,14.0,81.0,43.0,6.0,51.0,61.0,75.0,47.0,19.0,8.0,30.0,20.0,17.0,23.0
50407.0,10.0,20.0,70.0,31.0,11.0,58.0,58.0,66.0,50.0,23.0,15.0,31.0,19.0,19.0,19.0
50411.0,7.0,20.0,73.0,47.0,11.0,42.0,59.0,73.0,45.0,22.0,10.0,33.0,19.0,17.0,22.0
50414.0,10.0,22.0,68.0,51.0,8.0,41.0,59.0,73.0,46.0,22.0,11.0,34.0,19.0,16.0,20.0
50417.0,13.0,28.0,59.0,54.0,9.0,37.0,57.0,69.0,44.0,24.0,17.0,31.0,19.0,14.0,25.0
50424.0,5.0,14.0,81.0,39.0,5.0,56.0,68.0,81.0,54.0,16.0,7.0,25.0,16.0,12.0,21.0
50425.0,13.0,26.0,61.0,51.0,9.0,40.0,56.0,70.0,42.0,22.0,12.0,33.0,22.0,18.0,25.0
50426.0,13.0,31.0,56.0,55.0,15.0,30.0,44.0,61.0,27.0,29.0,15.0,42.0,27.0,24.0,31.0
50438.0,7.0,19.0,74.0,49.0,10.0,41.0,55.0,71.0,40.0,24.0,11.0,36.0,21.0,18.0,24.0
50441.0,6.0,12.0,82.0,37.0,5.0,58.0,65.0,79.0,51.0,16.0,7.0,25.0,19.0,14.0,24.0
50444.0,13.0,25.0,62.0,47.0,11.0,42.0,58.0,71.0,44.0,22.0,11.0,33.0,20.0,18.0,23.0
50454.0,7.0,13.0,80.0,43.0,6.0,51.0,60.0,72.0,49.0,20.0,9.0,30.0,20.0,19.0,21.0
50455.0,14.0,25.0,61.0,54.0,10.0,36.0,49.0,64.0,35.0,30.0,15.0,46.0,21.0,21.0,19.0
50457.0,13.0,27.0,60.0,46.0,11.0,43.0,53.0,66.0,40.0,24.0,14.0,35.0,23.0,20.0,25.0
50464.0,16.0,25.0,59.0,48.0,13.0,39.0,52.0,65.0,38.0,27.0,15.0,39.0,21.0,20.0,23.0
50468.0,34.0,26.0,40.0,53.0,24.0,23.0,48.0,58.0,37.0,30.0,19.0,42.0,22.0,23.0,21.0
50471.0,10.0,25.0,65.0,61.0,13.0,26.0,46.0,60.0,33.0,28.0,15.0,41.0,26.0,25.0,26.0
50481.0,15.0,25.0,60.0,52.0,12.0,36.0,54.0,70.0,38.0,28.0,14.0,42.0,18.0,16.0,20.0
50485.0,9.0,22.0,69.0,48.0,11.0,41.0,57.0,73.0,42.0,24.0,11.0,37.0,19.0,16.0,21.0
50488.0,9.0,21.0,70.0,50.0,9.0,41.0,50.0,64.0,35.0,27.0,16.0,38.0,23.0,20.0,27.0
50492.0,10.0,24.0,66.0,54.0,8.0,38.0,52.0,67.0,38.0,27.0,14.0,39.0,21.0,19.0,23.0
50496.0,8.0,19.0,73.0,49.0,6.0,45.0,58.0,69.0,47.0,22.0,11.0,32.0,20.0,20.0,21.0
50498.0,8.0,20.0,72.0,48.0,7.0,45.0,59.0,69.0,49.0,23.0,15.0,30.0,18.0,16.0,21.0
50503.0,8.0,21.0,71.0,43.0,8.0,49.0,61.0,74.0,48.0,19.0,9.0,29.0,20.0,17.0,23.0
50506.0,16.0,28.0,56.0,49.0,12.0,39.0,57.0,70.0,44.0,25.0,14.0,37.0,18.0,16.0,19.0
50510.0,7.0,26.0,67.0,52.0,7.0,41.0,58.0,72.0,44.0,21.0,10.0,31.0,21.0,18.0,25.0
50512.0,9.0,22.0,69.0,56.0,8.0,36.0,52.0,64.0,40.0,27.0,15.0,40.0,21.0,21.0,20.0
50515.0,7.0,20.0,73.0,46.0,7.0,47.0,62.0,75.0,49.0,18.0,9.0,27.0,20.0,16.0,24.0
50516.0,8.0,23.0,69.0,50.0,7.0,43.0,63.0,74.0,52.0,19.0,10.0,29.0,18.0,16.0,19.0
50517.0,20.0,30.0,50.0,54.0,18.0,28.0,49.0,62.0,36.0,34.0,21.0,47.0,17.0,17.0,17.0
50523.0,15.0,26.0,59.0,50.0,14.0,36.0,52.0,63.0,40.0,28.0,16.0,40.0,20.0,21.0,20.0
50526.0,20.0,28.0,52.0,53.0,19.0,28.0,49.0,61.0,37.0,29.0,17.0,40.0,22.0,22.0,23.0
50528.0,10.0,26.0,64.0,59.0,8.0,33.0,55.0,68.0,43.0,25.0,16.0,33.0,20.0,16.0,24.0
50534.0,18.0,28.0,54.0,50.0,13.0,37.0,52.0,65.0,39.0,30.0,16.0,44.0,18.0,19.0,17.0
50537.0,8.0,20.0,72.0,47.0,7.0,46.0,57.0,71.0,44.0,21.0,10.0,31.0,22.0,19.0,25.0
50541.0,7.0,16.0,77.0,47.0,6.0,47.0,59.0,73.0,45.0,21.0,11.0,31.0,20.0,16.0,24.0
50549.0,11.0,21.0,68.0,48.0,9.0,43.0,56.0,70.0,43.0,26.0,13.0,39.0,18.0,17.0,18.0
50551.0,20.0,29.0,51.0,52.0,14.0,34.0,51.0,66.0,37.0,28.0,15.0,41.0,21.0,19.0,22.0
50557.0,8.0,20.0,72.0,47.0,8.0,45.0,60.0,76.0,45.0,22.0,9.0,35.0,18.0,15.0,20.0
50561.0,10.0,23.0,67.0,46.0,10.0,44.0,57.0,70.0,43.0,22.0,11.0,34.0,21.0,19.0,23.0
50567.0,10.0,17.0,73.0,48.0,9.0,43.0,56.0,70.0,42.0,22.0,11.0,33.0,22.0,19.0,25.0
50570.0,17.0,32.0,51.0,58.0,11.0,31.0,49.0,62.0,36.0,29.0,17.0,41.0,22.0,21.0,23.0
50573.0,8.0,21.0,71.0,46.0,9.0,45.0,56.0,70.0,42.0,25.0,11.0,38.0,19.0,19.0,20.0
50580.0,12.0,26.0,62.0,57.0,14.0,29.0,51.0,70.0,33.0,24.0,10.0,38.0,25.0,20.0,29.0
50581.0,17.0,30.0,53.0,51.0,14.0,35.0,49.0,63.0,36.0,31.0,19.0,44.0,20.0,18.0,20.0
50586.0,15.0,24.0,61.0,56.0,14.0,30.0,47.0,65.0,30.0,29.0,16.0,42.0,24.0,19.0,28.0
50588.0,16.0,25.0,59.0,52.0,16.0,32.0,46.0,64.0,27.0,30.0,16.0,43.0,24.0,20.0,30.0
50589.0,12.0,24.0,64.0,49.0,9.0,42.0,55.0,67.0,42.0,24.0,13.0,34.0,21.0,20.0,24.0
50590.0,10.0,23.0,67.0,50.0,7.0,43.0,60.0,71.0,48.0,21.0,11.0,30.0,19.0,18.0,22.0
50597.0,12.0,22.0,66.0,55.0,9.0,36.0,53.0,68.0,38.0,27.0,12.0,41.0,20.0,20.0,21.0
50599.0,11.0,20.0,69.0,44.0,9.0,47.0,59.0,71.0,48.0,21.0,11.0,31.0,20.0,18.0,21.0
50603.0,7.0,21.0,72.0,47.0,8.0,45.0,57.0,70.0,43.0,23.0,10.0,35.0,20.0,20.0,22.0
50604.0,11.0,27.0,62.0,52.0,9.0,39.0,56.0,71.0,41.0,23.0,11.0,36.0,21.0,18.0,23.0
50608.0,16.0,21.0,63.0,52.0,14.0,34.0,59.0,72.0,46.0,26.0,12.0,39.0,15.0,16.0,15.0
50609.0,5.0,16.0,79.0,46.0,6.0,48.0,64.0,79.0,50.0,18.0,7.0,28.0,18.0,14.0,22.0
50624.0,13.0,21.0,66.0,49.0,11.0,40.0,58.0,72.0,45.0,25.0,15.0,35.0,17.0,13.0,20.0
50625.0,10.0,17.0,73.0,44.0,10.0,46.0,56.0,70.0,41.0,25.0,13.0,38.0,19.0,17.0,21.0
50633.0,12.0,28.0,60.0,54.0,8.0,38.0,60.0,78.0,42.0,22.0,9.0,35.0,18.0,13.0,23.0
50636.0,11.0,27.0,62.0,49.0,9.0,42.0,57.0,72.0,41.0,24.0,14.0,34.0,19.0,14.0,25.0
50641.0,21.0,26.0,53.0,52.0,19.0,29.0,53.0,68.0,38.0,30.0,17.0,43.0,17.0,15.0,19.0
50663.0,32.0,28.0,40.0,52.0,25.0,23.0,37.0,47.0,27.0,40.0,24.0,56.0,23.0,29.0,17.0
50674.0,10.0,23.0,67.0,49.0,8.0,43.0,60.0,75.0,45.0,21.0,10.0,32.0,19.0,15.0,23.0
50677.0,9.0,21.0,70.0,46.0,9.0,45.0,57.0,71.0,43.0,26.0,13.0,40.0,17.0,16.0,17.0
50678.0,9.0,22.0,69.0,46.0,8.0,46.0,58.0,72.0,44.0,21.0,10.0,33.0,21.0,18.0,23.0
50684.0,20.0,33.0,47.0,53.0,17.0,30.0,48.0,62.0,33.0,32.0,21.0,43.0,20.0,17.0,24.0
50686.0,7.0,21.0,72.0,50.0,6.0,44.0,63.0,75.0,50.0,19.0,10.0,29.0,18.0,15.0,21.0
50689.0,10.0,29.0,61.0,55.0,8.0,37.0,52.0,66.0,39.0,27.0,16.0,38.0,21.0,18.0,23.0
50690.0,8.0,22.0,70.0,51.0,7.0,42.0,57.0,72.0,43.0,22.0,10.0,34.0,21.0,18.0,23.0
50696.0,6.0,12.0,82.0,40.0,5.0,55.0,66.0,78.0,54.0,16.0,6.0,27.0,18.0,16.0,19.0
50701.0,15.0,25.0,60.0,52.0,13.0,35.0,53.0,69.0,37.0,27.0,12.0,42.0,20.0,19.0,21.0
50704.0,19.0,29.0,52.0,51.0,17.0,32.0,50.0,63.0,38.0,32.0,19.0,45.0,18.0,18.0,17.0
50708.0,4.0,10.0,86.0,33.0,4.0,63.0,73.0,87.0,60.0,15.0,5.0,25.0,12.0,8.0,15.0
50709.0,14.0,24.0,62.0,45.0,14.0,41.0,57.0,74.0,40.0,23.0,11.0,35.0,20.0,15.0,25.0
50710.0,7.0,19.0,74.0,50.0,7.0,43.0,58.0,72.0,43.0,23.0,12.0,35.0,19.0,16.0,22.0
50714.0,5.0,3.0,92.0,38.0,4.0,58.0,66.0,78.0,55.0,18.0,9.0,26.0,16.0,13.0,19.0
50717.0,6.0,12.0,82.0,37.0,6.0,57.0,61.0,75.0,48.0,21.0,10.0,31.0,18.0,15.0,21.0
50723.0,9.0,22.0,69.0,51.0,9.0,40.0,61.0,73.0,48.0,20.0,9.0,31.0,19.0,18.0,21.0
50724.0,7.0,20.0,73.0,49.0,7.0,44.0,60.0,72.0,49.0,24.0,13.0,35.0,16.0,15.0,16.0
50726.0,5.0,7.0,88.0,42.0,5.0,53.0,77.0,88.0,65.0,18.0,8.0,28.0,5.0,4.0,7.0
50735.0,16.0,27.0,57.0,55.0,14.0,31.0,58.0,73.0,44.0,22.0,12.0,32.0,20.0,15.0,24.0
50736.0,17.0,23.0,60.0,41.0,13.0,46.0,56.0,69.0,42.0,29.0,15.0,42.0,15.0,16.0,16.0
50737.0,12.0,27.0,61.0,52.0,8.0,40.0,64.0,76.0,52.0,19.0,10.0,28.0,17.0,14.0,20.0
50738.0,12.0,22.0,66.0,45.0,12.0,43.0,63.0,76.0,50.0,20.0,11.0,29.0,17.0,13.0,21.0
50739.0,18.0,27.0,55.0,57.0,18.0,25.0,48.0,65.0,32.0,33.0,19.0,46.0,19.0,16.0,22.0
50740.0,13.0,26.0,61.0,50.0,10.0,40.0,59.0,74.0,44.0,22.0,10.0,34.0,19.0,16.0,22.0
50744.0,15.0,36.0,49.0,64.0,10.0,26.0,43.0,56.0,30.0,26.0,17.0,35.0,31.0,27.0,35.0
50745.0,15.0,33.0,52.0,57.0,17.0,26.0,44.0,58.0,30.0,38.0,25.0,50.0,18.0,17.0,20.0
50746.0,17.0,26.0,57.0,61.0,15.0,24.0,47.0,62.0,32.0,30.0,16.0,45.0,23.0,22.0,23.0
50747.0,16.0,31.0,53.0,60.0,16.0,24.0,52.0,67.0,38.0,28.0,18.0,38.0,20.0,15.0,24.0
50748.0,9.0,22.0,69.0,52.0,7.0,41.0,57.0,71.0,42.0,22.0,10.0,35.0,21.0,19.0,23.0
50755.0,20.0,25.0,55.0,53.0,19.0,28.0,46.0,60.0,33.0,32.0,17.0,47.0,22.0,23.0,20.0
50757.0,20.0,24.0,56.0,51.0,17.0,32.0,44.0,60.0,30.0,36.0,23.0,48.0,20.0,17.0,22.0
50758.0,13.0,26.0,61.0,51.0,17.0,32.0,41.0,55.0,27.0,37.0,24.0,49.0,22.0,21.0,24.0
50760.0,6.0,23.0,71.0,52.0,6.0,42.0,54.0,69.0,40.0,25.0,12.0,38.0,21.0,19.0,22.0
50761.0,13.0,28.0,59.0,54.0,14.0,32.0,47.0,62.0,32.0,29.0,16.0,41.0,24.0,22.0,27.0
50763.0,16.0,21.0,63.0,50.0,14.0,36.0,49.0,66.0,31.0,26.0,17.0,35.0,25.0,17.0,34.0
50764.0,13.0,28.0,59.0,48.0,12.0,40.0,50.0,67.0,34.0,29.0,17.0,41.0,21.0,16.0,25.0
50765.0,8.0,19.0,73.0,48.0,8.0,44.0,64.0,75.0,54.0,18.0,10.0,26.0,18.0,15.0,20.0
50766.0,3.0,14.0,83.0,40.0,4.0,56.0,75.0,86.0,64.0,12.0,7.0,16.0,13.0,7.0,20.0
50767.0,7.0,19.0,74.0,48.0,7.0,45.0,60.0,75.0,45.0,22.0,10.0,33.0,18.0,15.0,22.0
50769.0,4.0,7.0,89.0,36.0,5.0,59.0,69.0,82.0,56.0,14.0,7.0,21.0,17.0,11.0,23.0
50770.0,14.0,20.0,66.0,52.0,13.0,35.0,50.0,65.0,34.0,28.0,15.0,42.0,22.0,20.0,24.0
50771.0,39.0,24.0,37.0,48.0,27.0,25.0,36.0,48.0,23.0,44.0,30.0,58.0,20.0,22.0,19.0
50772.0,12.0,25.0,63.0,54.0,8.0,38.0,53.0,67.0,40.0,25.0,13.0,37.0,22.0,20.0,23.0
50775.0,8.0,22.0,70.0,46.0,11.0,43.0,56.0,71.0,40.0,22.0,10.0,35.0,22.0,19.0,25.0
50776.0,21.0,25.0,54.0,42.0,22.0,36.0,55.0,67.0,44.0,33.0,22.0,44.0,12.0,11.0,12.0
50777.0,10.0,20.0,70.0,47.0,10.0,43.0,55.0,67.0,42.0,25.0,13.0,37.0,20.0,20.0,21.0
50778.0,8.0,16.0,76.0,57.0,10.0,33.0,52.0,69.0,35.0,26.0,13.0,39.0,22.0,18.0,26.0
50779.0,10.0,22.0,68.0,44.0,10.0,46.0,58.0,72.0,44.0,23.0,12.0,33.0,19.0,16.0,23.0
50780.0,20.0,27.0,53.0,49.0,17.0,34.0,53.0,69.0,37.0,28.0,17.0,39.0,19.0,14.0,24.0
50782.0,5.0,14.0,81.0,46.0,8.0,46.0,66.0,78.0,53.0,19.0,9.0,29.0,15.0,13.0,18.0
50783.0,37.0,31.0,32.0,64.0,20.0,16.0,35.0,42.0,28.0,42.0,33.0,51.0,23.0,25.0,21.0
50784.0,12.0,26.0,62.0,58.0,8.0,34.0,57.0,69.0,45.0,24.0,14.0,34.0,19.0,17.0,21.0
50785.0,4.0,25.0,71.0,44.0,8.0,48.0,68.0,82.0,54.0,14.0,5.0,23.0,18.0,13.0,23.0
51301.0,1.0,15.0,84.0,43.0,2.0,55.0,65.0,74.0,56.0,18.0,9.0,27.0,17.0,17.0,17.0
51303.0,2.0,9.0,89.0,35.0,4.0,61.0,74.0,85.0,63.0,7.0,1.0,14.0,19.0,14.0,23.0
51305.0,9.0,17.0,74.0,47.92933860938384,7.513284341435839,44.55737704918032,68.0,73.75409836065573,46.33945732052007,9.0,10.00423968343697,31.51271905031091,23.0,16.241661955907293,22.14782362916902
51306.0,35.0,23.0,42.0,50.0,31.0,19.0,26.0,34.0,18.0,43.0,27.0,59.0,31.0,39.0,23.0
51310.0,7.0,13.0,80.0,49.0,6.0,45.0,61.0,75.0,47.0,18.0,10.0,26.0,21.0,15.0,27.0
51311.0,5.0,18.0,77.0,50.0,6.0,44.0,59.0,70.0,48.0,20.0,10.0,31.0,21.0,20.0,21.0
51312.0,5.0,9.0,86.0,47.92933860938384,7.513284341435839,44.55737704918032,47.0,73.75409836065573,46.33945732052007,20.0,10.00423968343697,31.51271905031091,33.0,16.241661955907293,22.14782362916902
51314.0,7.0,48.0,45.0,47.92933860938384,7.513284341435839,44.55737704918032,43.0,73.75409836065573,46.33945732052007,40.0,10.00423968343697,31.51271905031091,17.0,16.241661955907293,22.14782362916902
51316.0,9.0,24.0,67.0,51.0,7.0,42.0,61.0,71.0,51.0,22.0,14.0,30.0,17.0,15.0,19.0
51317.0,13.0,19.0,68.0,41.0,17.0,42.0,52.0,65.0,40.0,36.0,24.0,48.0,12.0,11.0,12.0
51318.0,7.0,17.0,76.0,57.0,1.0,42.0,63.0,74.0,52.0,17.0,6.0,28.0,20.0,20.0,20.0
51319.0,8.0,17.0,75.0,53.0,2.0,45.0,67.0,82.0,52.0,16.0,6.0,26.0,17.0,12.0,22.0
51320.0,7.0,29.0,64.0,49.0,10.0,41.0,52.0,63.0,40.0,27.0,16.0,38.0,21.0,21.0,22.0
51321.0,4.0,19.0,77.0,43.0,1.0,56.0,71.0,82.0,60.0,19.0,11.0,27.0,10.0,7.0,13.0
51323.0,10.0,29.0,61.0,47.92933860938384,7.513284341435839,44.55737704918032,62.0,73.75409836065573,46.33945732052007,22.0,10.00423968343697,31.51271905031091,16.0,16.241661955907293,22.14782362916902
51324.0,10.0,13.0,77.0,53.0,8.0,39.0,68.0,81.0,56.0,13.0,9.0,17.0,19.0,10.0,27.0
51325.0,6.0,17.0,77.0,49.0,6.0,45.0,66.0,78.0,55.0,13.0,6.0,21.0,21.0,16.0,24.0
51326.0,5.0,25.0,70.0,47.92933860938384,7.513284341435839,44.55737704918032,64.0,73.75409836065573,46.33945732052007,24.0,10.00423968343697,31.51271905031091,12.0,16.241661955907293,22.14782362916902
51328.0,2.0,10.0,88.0,35.0,6.0,59.0,71.0,88.0,55.0,12.0,3.0,21.0,17.0,9.0,24.0
51329.0,7.0,17.0,76.0,55.0,5.0,40.0,56.0,70.0,42.0,23.0,8.0,39.0,21.0,22.0,19.0
51330.0,2.0,28.0,70.0,47.92933860938384,7.513284341435839,44.55737704918032,68.0,73.75409836065573,46.33945732052007,15.0,10.00423968343697,31.51271905031091,17.0,16.241661955907293,22.14782362916902
51331.0,4.0,10.0,86.0,47.92933860938384,7.513284341435839,44.55737704918032,71.0,73.75409836065573,46.33945732052007,13.0,10.00423968343697,31.51271905031091,16.0,16.241661955907293,22.14782362916902
51332.0,9.0,23.0,68.0,53.0,5.0,42.0,65.0,78.0,51.0,20.0,3.0,37.0,15.0,19.0,12.0
51334.0,8.0,19.0,73.0,31.0,12.0,57.0,54.0,74.0,33.0,28.0,17.0,40.0,18.0,9.0,27.0
51336.0,12.0,23.0,65.0,47.92933860938384,7.513284341435839,44.55737704918032,64.0,73.75409836065573,46.33945732052007,21.0,10.00423968343697,31.51271905031091,15.0,16.241661955907293,22.14782362916902
60001.0,6.0,22.0,72.0,53.0,8.0,39.0,56.0,71.0,41.0,18.0,9.0,28.0,26.0,20.0,31.0
60003.0,13.0,26.0,61.0,51.0,9.0,40.0,55.0,66.0,44.0,26.0,15.0,38.0,19.0,19.0,18.0
60004.0,7.0,21.0,72.0,44.0,8.0,48.0,57.0,70.0,44.0,21.0,11.0,32.0,22.0,19.0,24.0
60006.0,5.0,18.0,77.0,44.0,2.0,54.0,66.0,78.0,54.0,14.0,6.0,23.0,20.0,16.0,23.0
60008.0,11.0,26.0,63.0,52.0,6.0,42.0,71.0,82.0,59.0,14.0,7.0,22.0,15.0,11.0,19.0
60009.0,7.0,21.0,72.0,48.0,7.0,45.0,58.0,73.0,44.0,20.0,8.0,32.0,22.0,19.0,24.0
60010.0,5.0,20.0,75.0,46.0,6.0,48.0,61.0,76.0,46.0,19.0,8.0,30.0,20.0,16.0,24.0
60011.0,9.0,22.0,69.0,55.0,10.0,35.0,58.0,71.0,45.0,21.0,11.0,30.0,21.0,18.0,25.0
60012.0,6.0,15.0,79.0,41.0,6.0,53.0,63.0,79.0,47.0,18.0,7.0,28.0,19.0,14.0,25.0
60013.0,6.0,19.0,75.0,45.0,6.0,49.0,64.0,76.0,51.0,17.0,8.0,27.0,19.0,16.0,22.0
60014.0,6.0,18.0,76.0,40.0,5.0,55.0,66.0,78.0,55.0,17.0,9.0,24.0,17.0,13.0,21.0
60015.0,8.0,20.0,72.0,46.0,9.0,45.0,58.0,72.0,45.0,22.0,12.0,33.0,20.0,16.0,22.0
60020.0,12.0,21.0,67.0,48.0,10.0,42.0,59.0,73.0,45.0,25.0,13.0,36.0,16.0,14.0,19.0
60022.0,8.0,22.0,70.0,48.0,7.0,45.0,59.0,72.0,46.0,22.0,12.0,32.0,19.0,16.0,22.0
60023.0,7.0,19.0,74.0,50.0,6.0,44.0,60.0,74.0,45.0,19.0,9.0,30.0,21.0,17.0,25.0
60024.0,8.0,18.0,74.0,44.0,9.0,47.0,57.0,71.0,44.0,21.0,10.0,33.0,22.0,19.0,23.0
60027.0,6.0,14.0,80.0,44.0,6.0,50.0,62.0,78.0,45.0,20.0,10.0,30.0,18.0,12.0,25.0
60028.0,4.0,13.0,83.0,46.0,5.0,49.0,65.0,79.0,50.0,15.0,6.0,24.0,20.0,15.0,26.0
60030.0,7.0,17.0,76.0,47.0,7.0,46.0,57.0,74.0,41.0,22.0,8.0,35.0,21.0,18.0,24.0
60031.0,7.0,16.0,77.0,46.0,7.0,47.0,58.0,69.0,48.0,21.0,10.0,33.0,21.0,21.0,19.0
60032.0,8.0,14.0,78.0,47.0,6.0,47.0,57.0,71.0,43.0,23.0,11.0,36.0,20.0,18.0,21.0
60034.0,13.0,22.0,65.0,53.0,10.0,37.0,52.0,68.0,37.0,27.0,14.0,40.0,21.0,18.0,23.0
60044.0,11.0,23.0,66.0,48.0,6.0,46.0,62.0,77.0,46.0,20.0,11.0,29.0,18.0,12.0,25.0
60049.0,5.0,15.0,80.0,42.0,6.0,52.0,63.0,76.0,51.0,15.0,7.0,24.0,22.0,17.0,25.0
60054.0,4.0,15.0,81.0,45.0,3.0,52.0,63.0,76.0,50.0,17.0,7.0,27.0,20.0,17.0,23.0
60064.0,7.0,20.0,73.0,48.0,7.0,45.0,56.0,69.0,43.0,23.0,10.0,37.0,21.0,21.0,20.0
60065.0,17.0,26.0,57.0,49.0,14.0,37.0,46.0,61.0,31.0,28.0,14.0,41.0,26.0,25.0,28.0
60071.0,6.0,19.0,75.0,53.0,5.0,42.0,62.0,76.0,48.0,18.0,7.0,29.0,20.0,17.0,23.0
60075.0,6.0,17.0,77.0,43.0,5.0,52.0,65.0,79.0,51.0,17.0,9.0,25.0,18.0,12.0,24.0
60076.0,4.0,18.0,78.0,44.0,5.0,51.0,62.0,74.0,51.0,12.0,3.0,20.0,26.0,23.0,29.0
60096.0,6.0,13.0,81.0,40.0,5.0,55.0,68.0,82.0,53.0,17.0,6.0,28.0,15.0,12.0,19.0
60100.0,11.0,25.0,64.0,48.0,12.0,40.0,51.0,65.0,37.0,28.0,15.0,41.0,21.0,20.0,22.0
60103.0,7.0,19.0,74.0,42.0,6.0,52.0,60.0,73.0,47.0,20.0,11.0,30.0,20.0,16.0,23.0
60104.0,7.0,17.0,76.0,48.0,9.0,43.0,60.0,72.0,47.0,21.0,10.0,32.0,19.0,18.0,21.0
60112.0,14.0,24.0,62.0,53.0,10.0,37.0,53.0,68.0,38.0,27.0,15.0,38.0,20.0,17.0,24.0
60113.0,4.0,21.0,75.0,49.0,4.0,47.0,58.0,75.0,42.0,19.0,6.0,31.0,23.0,19.0,27.0
60114.0,7.0,20.0,73.0,42.0,8.0,50.0,60.0,74.0,45.0,20.0,10.0,30.0,20.0,16.0,25.0
60116.0,4.0,17.0,79.0,47.0,5.0,48.0,62.0,77.0,47.0,18.0,8.0,28.0,20.0,15.0,25.0
60117.0,0.0,9.0,91.0,55.0,3.0,42.0,71.0,88.0,54.0,9.0,3.0,16.0,20.0,9.0,30.0
60118.0,4.0,11.0,85.0,37.0,3.0,60.0,66.0,77.0,54.0,18.0,7.0,29.0,16.0,16.0,17.0
60119.0,5.0,14.0,81.0,43.0,6.0,51.0,61.0,77.0,45.0,19.0,7.0,30.0,20.0,16.0,25.0
60124.0,4.0,13.0,83.0,37.0,5.0,58.0,71.0,84.0,58.0,13.0,5.0,21.0,16.0,11.0,21.0
60125.0,4.0,15.0,81.0,46.0,5.0,49.0,64.0,76.0,52.0,18.0,8.0,28.0,18.0,16.0,20.0
60126.0,8.0,15.0,77.0,41.0,8.0,51.0,58.0,76.0,40.0,21.0,8.0,34.0,21.0,16.0,26.0
60128.0,6.0,17.0,77.0,45.0,7.0,48.0,58.0,72.0,44.0,22.0,10.0,34.0,20.0,18.0,22.0
60129.0,6.0,12.0,82.0,35.0,6.0,59.0,75.0,90.0,60.0,13.0,6.0,20.0,12.0,4.0,20.0
60130.0,4.0,18.0,78.0,46.0,5.0,49.0,65.0,77.0,52.0,25.0,14.0,35.0,10.0,9.0,13.0
60131.0,8.0,17.0,75.0,46.0,6.0,48.0,57.0,71.0,44.0,22.0,12.0,33.0,21.0,17.0,23.0
60132.0,6.0,17.0,77.0,48.0,6.0,46.0,58.0,73.0,43.0,21.0,9.0,34.0,21.0,18.0,23.0
61301.0,3.0,14.0,83.0,48.0,1.0,51.0,66.0,78.0,53.0,18.0,10.0,26.0,16.0,12.0,21.0
61302.0,2.0,17.0,81.0,47.92933860938384,7.513284341435839,44.55737704918032,77.0,73.75409836065573,46.33945732052007,8.0,10.00423968343697,31.51271905031091,15.0,16.241661955907293,22.14782362916902
61303.0,2.0,15.0,83.0,41.0,4.0,55.0,77.0,87.0,67.0,10.0,4.0,17.0,13.0,9.0,16.0
61306.0,3.0,19.0,78.0,47.92933860938384,7.513284341435839,44.55737704918032,40.0,73.75409836065573,46.33945732052007,26.0,10.00423968343697,31.51271905031091,34.0,16.241661955907293,22.14782362916902
61308.0,14.0,14.0,72.0,46.0,8.0,46.0,76.0,84.0,67.0,8.0,0.0,17.0,16.0,16.0,16.0
61309.0,2.0,5.0,93.0,43.0,5.0,52.0,76.0,91.0,61.0,11.0,3.0,19.0,13.0,6.0,20.0
61310.0,4.0,31.0,65.0,47.92933860938384,7.513284341435839,44.55737704918032,68.0,73.75409836065573,46.33945732052007,7.0,10.00423968343697,31.51271905031091,25.0,16.241661955907293,22.14782362916902
61312.0,3.0,12.0,85.0,28.0,0.0,72.0,63.0,80.0,46.0,18.0,4.0,32.0,19.0,16.0,22.0
61313.0,0.0,20.0,80.0,47.92933860938384,7.513284341435839,44.55737704918032,72.0,73.75409836065573,46.33945732052007,7.0,10.00423968343697,31.51271905031091,21.0,16.241661955907293,22.14782362916902
61316.0,6.0,20.0,74.0,47.92933860938384,7.513284341435839,44.55737704918032,72.0,73.75409836065573,46.33945732052007,17.0,10.00423968343697,31.51271905031091,11.0,16.241661955907293,22.14782362916902
61317.0,6.0,16.0,78.0,46.0,5.0,49.0,69.0,81.0,58.0,13.0,5.0,22.0,18.0,14.0,20.0
61320.0,3.0,9.0,88.0,46.0,5.0,49.0,75.0,83.0,67.0,8.0,4.0,12.0,17.0,13.0,21.0
61321.0,5.0,8.0,87.0,37.0,2.0,61.0,74.0,84.0,63.0,12.0,8.0,16.0,14.0,8.0,21.0
61322.0,7.0,23.0,70.0,59.0,4.0,37.0,58.0,70.0,46.0,20.0,9.0,31.0,22.0,21.0,23.0
61324.0,4.0,11.0,85.0,39.0,3.0,58.0,71.0,79.0,63.0,13.0,8.0,18.0,16.0,13.0,19.0
61325.0,3.0,12.0,85.0,42.0,2.0,56.0,71.0,82.0,60.0,13.0,4.0,21.0,16.0,14.0,19.0
61326.0,7.0,18.0,75.0,32.0,13.0,55.0,63.0,74.0,52.0,20.0,18.0,23.0,17.0,8.0,25.0
61327.0,5.0,25.0,70.0,44.0,4.0,52.0,65.0,76.0,55.0,11.0,5.0,17.0,24.0,19.0,28.0
61336.0,9.0,18.0,73.0,53.0,5.0,42.0,64.0,82.0,46.0,15.0,5.0,25.0,21.0,13.0,29.0
61344.0,10.0,21.0,69.0,51.0,8.0,41.0,64.0,76.0,53.0,16.0,8.0,25.0,20.0,16.0,22.0
70002.0,16.0,26.0,58.0,50.0,11.0,39.0,52.0,67.0,36.0,29.0,17.0,41.0,19.0,16.0,23.0
70003.0,11.0,29.0,60.0,55.0,10.0,35.0,58.0,69.0,46.0,24.0,14.0,34.0,18.0,17.0,20.0
70004.0,5.0,16.0,79.0,48.0,7.0,45.0,66.0,77.0,56.0,14.0,6.0,21.0,20.0,17.0,23.0
70005.0,15.0,31.0,54.0,54.0,11.0,35.0,52.0,67.0,37.0,28.0,13.0,43.0,20.0,20.0,20.0
70006.0,9.0,20.0,71.0,49.0,7.0,44.0,59.0,72.0,47.0,21.0,11.0,32.0,20.0,17.0,21.0
70007.0,12.0,28.0,60.0,51.0,7.0,42.0,62.0,76.0,47.0,20.0,9.0,31.0,18.0,15.0,22.0
70008.0,10.0,15.0,75.0,45.0,8.0,47.0,60.0,76.0,43.0,19.0,9.0,28.0,21.0,15.0,29.0
70010.0,9.0,24.0,67.0,51.0,7.0,42.0,57.0,72.0,42.0,25.0,11.0,38.0,18.0,17.0,20.0
70011.0,11.0,31.0,58.0,52.0,8.0,40.0,58.0,73.0,43.0,24.0,11.0,36.0,18.0,16.0,21.0
70012.0,7.0,31.0,62.0,47.92933860938384,7.513284341435839,44.55737704918032,59.0,73.75409836065573,46.33945732052007,25.0,10.00423968343697,31.51271905031091,16.0,16.241661955907293,22.14782362916902
70016.0,13.0,27.0,60.0,55.0,7.0,38.0,55.0,68.0,42.0,25.0,14.0,36.0,20.0,18.0,22.0
70017.0,7.0,19.0,74.0,45.0,6.0,49.0,64.0,76.0,52.0,19.0,8.0,29.0,17.0,16.0,19.0
70018.0,7.0,18.0,75.0,48.0,7.0,45.0,60.0,77.0,44.0,20.0,8.0,32.0,20.0,15.0,24.0
70020.0,7.0,19.0,74.0,45.0,7.0,48.0,61.0,74.0,48.0,19.0,9.0,30.0,20.0,17.0,22.0
70021.0,7.0,26.0,67.0,51.0,7.0,42.0,59.0,69.0,49.0,22.0,12.0,32.0,19.0,19.0,19.0
70022.0,11.0,27.0,62.0,50.0,7.0,43.0,56.0,72.0,41.0,25.0,11.0,40.0,19.0,17.0,19.0
70024.0,11.0,27.0,62.0,50.0,8.0,42.0,58.0,70.0,45.0,22.0,10.0,33.0,20.0,20.0,22.0
70025.0,13.0,27.0,60.0,49.0,8.0,43.0,56.0,71.0,41.0,25.0,12.0,38.0,19.0,17.0,21.0
70027.0,15.0,24.0,61.0,57.0,10.0,33.0,52.0,71.0,34.0,27.0,13.0,41.0,21.0,16.0,25.0
70028.0,10.0,22.0,68.0,47.0,9.0,44.0,54.0,69.0,39.0,25.0,13.0,38.0,21.0,18.0,23.0
70029.0,9.0,26.0,65.0,49.0,8.0,43.0,60.0,75.0,46.0,22.0,12.0,33.0,18.0,13.0,21.0
70031.0,8.0,17.0,75.0,48.0,9.0,43.0,59.0,73.0,45.0,23.0,12.0,34.0,18.0,15.0,21.0
70033.0,9.0,23.0,68.0,53.0,9.0,38.0,57.0,73.0,40.0,23.0,10.0,34.0,20.0,17.0,26.0
70034.0,10.0,25.0,65.0,54.0,9.0,37.0,54.0,72.0,37.0,23.0,10.0,36.0,23.0,18.0,27.0
70035.0,13.0,25.0,62.0,49.0,11.0,40.0,54.0,69.0,39.0,25.0,12.0,39.0,21.0,19.0,22.0
70036.0,6.0,16.0,78.0,43.0,5.0,52.0,61.0,75.0,47.0,20.0,8.0,31.0,19.0,17.0,22.0
80001.0,12.0,26.0,62.0,54.0,10.0,36.0,54.0,70.0,38.0,26.0,13.0,39.0,20.0,17.0,23.0
80003.0,15.0,28.0,57.0,46.0,16.0,38.0,52.0,68.0,37.0,33.0,19.0,48.0,15.0,13.0,15.0
80004.0,15.0,32.0,53.0,52.0,9.0,39.0,52.0,70.0,33.0,27.0,13.0,42.0,21.0,17.0,25.0
80006.0,6.0,23.0,71.0,49.0,7.0,44.0,58.0,72.0,43.0,24.0,12.0,36.0,18.0,16.0,21.0
80007.0,10.0,26.0,64.0,50.0,7.0,43.0,58.0,75.0,41.0,23.0,9.0,37.0,19.0,16.0,22.0
80009.0,9.0,19.0,72.0,49.0,7.0,44.0,57.0,71.0,43.0,24.0,11.0,36.0,19.0,18.0,21.0
90001.0,14.0,25.0,61.0,51.0,12.0,37.0,51.0,65.0,38.0,29.0,17.0,41.0,20.0,18.0,21.0
90003.0,27.0,27.0,46.0,48.0,23.0,29.0,47.0,60.0,34.0,34.0,22.0,46.0,19.0,18.0,20.0
90004.0,12.0,24.0,64.0,48.0,9.0,43.0,57.0,72.0,42.0,24.0,10.0,38.0,19.0,18.0,20.0
90005.0,8.0,20.0,72.0,49.0,9.0,42.0,54.0,69.0,38.0,25.0,12.0,38.0,21.0,19.0,24.0
90008.0,25.0,31.0,44.0,51.0,18.0,31.0,57.0,69.0,46.0,29.0,17.0,41.0,14.0,14.0,13.0
90011.0,16.0,27.0,57.0,51.0,13.0,36.0,51.0,70.0,33.0,30.0,14.0,46.0,19.0,16.0,21.0
100001.0,12.0,21.0,67.0,51.0,12.0,37.0,55.0,70.0,39.0,25.0,12.0,36.0,20.0,18.0,25.0
100002.0,15.0,24.0,61.0,53.0,14.0,33.0,49.0,65.0,34.0,32.0,17.0,47.0,19.0,18.0,19.0
100006.0,9.0,20.0,71.0,46.0,11.0,43.0,56.0,71.0,41.0,25.0,12.0,37.0,19.0,17.0,22.0
100007.0,9.0,18.0,73.0,43.0,9.0,48.0,60.0,74.0,46.0,22.0,11.0,34.0,18.0,15.0,20.0
100008.0,10.0,18.0,72.0,41.0,9.0,50.0,59.0,75.0,44.0,24.0,10.0,38.0,17.0,15.0,18.0
100012.0,8.0,20.0,72.0,49.0,9.0,42.0,56.0,72.0,41.0,22.0,11.0,33.0,22.0,17.0,26.0
100014.0,11.0,24.0,65.0,48.0,8.0,44.0,61.0,74.0,47.0,21.0,9.0,33.0,18.0,17.0,20.0
100017.0,16.0,24.0,60.0,49.0,12.0,39.0,52.0,67.0,37.0,29.0,15.0,42.0,19.0,18.0,21.0
100018.0,14.0,27.0,59.0,52.0,12.0,36.0,49.0,67.0,31.0,29.0,13.0,44.0,22.0,20.0,25.0
100019.0,14.0,29.0,57.0,50.0,11.0,39.0,52.0,67.0,37.0,26.0,14.0,38.0,22.0,19.0,25.0
100022.0,14.0,21.0,65.0,43.0,13.0,44.0,55.0,68.0,42.0,27.0,15.0,39.0,18.0,17.0,19.0
100023.0,14.0,28.0,58.0,49.0,12.0,39.0,56.0,72.0,39.0,28.0,13.0,43.0,16.0,15.0,18.0
100025.0,11.0,22.0,67.0,47.0,9.0,44.0,55.0,69.0,42.0,22.0,10.0,34.0,23.0,21.0,24.0
100026.0,12.0,21.0,67.0,49.0,9.0,42.0,52.0,65.0,39.0,28.0,14.0,42.0,20.0,21.0,19.0
100028.0,12.0,29.0,59.0,52.0,11.0,37.0,47.0,60.0,33.0,29.0,16.0,43.0,24.0,24.0,24.0
100029.0,24.0,28.0,48.0,45.0,22.0,33.0,47.0,61.0,33.0,35.0,20.0,50.0,18.0,19.0,17.0
100030.0,9.0,23.0,68.0,47.0,12.0,41.0,56.0,69.0,42.0,26.0,14.0,37.0,18.0,17.0,21.0
100032.0,11.0,25.0,64.0,49.0,11.0,40.0,55.0,69.0,41.0,25.0,13.0,37.0,20.0,18.0,22.0
100034.0,14.0,21.0,65.0,47.0,13.0,40.0,53.0,68.0,38.0,30.0,15.0,44.0,17.0,17.0,18.0
100035.0,17.0,26.0,57.0,53.0,14.0,33.0,49.0,65.0,33.0,32.0,15.0,49.0,19.0,20.0,18.0
100038.0,14.0,20.0,66.0,44.0,13.0,43.0,55.0,69.0,40.0,28.0,14.0,41.0,17.0,17.0,19.0
100039.0,14.0,25.0,61.0,53.0,13.0,34.0,51.0,66.0,36.0,30.0,16.0,45.0,19.0,18.0,19.0
100040.0,11.0,22.0,67.0,50.0,10.0,40.0,53.0,70.0,38.0,26.0,12.0,41.0,21.0,18.0,21.0
100043.0,4.0,16.0,80.0,43.0,6.0,51.0,63.0,76.0,50.0,18.0,9.0,28.0,19.0,15.0,22.0
100044.0,17.0,26.0,57.0,52.0,13.0,35.0,49.0,63.0,35.0,30.0,16.0,45.0,21.0,21.0,20.0
100045.0,10.0,23.0,67.0,46.0,9.0,45.0,62.0,74.0,49.0,20.0,11.0,29.0,18.0,15.0,22.0
100046.0,10.0,21.0,69.0,49.0,10.0,41.0,59.0,74.0,45.0,22.0,9.0,34.0,19.0,17.0,21.0
100047.0,18.0,35.0,47.0,56.0,13.0,31.0,49.0,64.0,33.0,32.0,17.0,47.0,19.0,19.0,20.0
100049.0,16.0,22.0,62.0,48.0,11.0,41.0,55.0,72.0,38.0,27.0,14.0,40.0,18.0,14.0,22.0
100050.0,12.0,26.0,62.0,45.0,15.0,40.0,58.0,70.0,46.0,22.0,13.0,31.0,20.0,17.0,23.0
100051.0,10.0,20.0,70.0,48.0,9.0,43.0,55.0,69.0,40.0,25.0,13.0,37.0,20.0,18.0,23.0
100052.0,11.0,22.0,67.0,50.0,10.0,40.0,58.0,72.0,45.0,23.0,12.0,35.0,19.0,16.0,20.0
100053.0,16.0,28.0,56.0,41.0,12.0,47.0,62.0,73.0,50.0,27.0,16.0,38.0,11.0,11.0,12.0
100054.0,5.0,17.0,78.0,50.0,8.0,42.0,59.0,72.0,47.0,22.0,11.0,33.0,19.0,17.0,20.0
100055.0,11.0,20.0,69.0,46.0,9.0,45.0,58.0,72.0,45.0,23.0,11.0,36.0,19.0,17.0,19.0
100057.0,10.0,22.0,68.0,49.0,9.0,42.0,59.0,73.0,44.0,23.0,10.0,35.0,18.0,17.0,21.0
100062.0,12.0,22.0,66.0,48.0,11.0,41.0,57.0,72.0,43.0,24.0,12.0,36.0,19.0,16.0,21.0
100063.0,7.0,18.0,75.0,45.0,7.0,48.0,60.0,72.0,49.0,22.0,11.0,33.0,18.0,17.0,18.0
100067.0,6.0,19.0,75.0,49.0,7.0,44.0,59.0,75.0,44.0,21.0,8.0,33.0,20.0,17.0,23.0
100068.0,8.0,18.0,74.0,45.0,8.0,47.0,61.0,76.0,45.0,22.0,9.0,34.0,17.0,15.0,21.0
100069.0,12.0,20.0,68.0,42.0,11.0,47.0,58.0,71.0,46.0,23.0,12.0,34.0,19.0,17.0,20.0
100071.0,18.0,26.0,56.0,49.0,14.0,37.0,52.0,66.0,38.0,29.0,16.0,41.0,19.0,18.0,21.0
100072.0,7.0,20.0,73.0,47.0,6.0,47.0,63.0,77.0,48.0,19.0,8.0,30.0,18.0,15.0,22.0
100073.0,11.0,28.0,61.0,53.0,11.0,36.0,47.0,63.0,31.0,32.0,18.0,45.0,21.0,19.0,24.0
100075.0,7.0,16.0,77.0,43.0,7.0,50.0,59.0,74.0,45.0,22.0,10.0,34.0,19.0,16.0,21.0
100077.0,24.0,27.0,49.0,55.0,16.0,29.0,47.0,63.0,31.0,33.0,17.0,48.0,20.0,20.0,21.0
100080.0,22.0,26.0,52.0,50.0,17.0,33.0,48.0,61.0,34.0,35.0,19.0,50.0,17.0,20.0,16.0
100084.0,12.0,25.0,63.0,51.0,10.0,39.0,57.0,72.0,41.0,24.0,11.0,37.0,19.0,17.0,22.0
100086.0,10.0,20.0,70.0,42.0,12.0,46.0,61.0,75.0,48.0,23.0,12.0,34.0,16.0,13.0,18.0
100087.0,9.0,18.0,73.0,46.0,9.0,45.0,58.0,73.0,43.0,24.0,11.0,36.0,18.0,16.0,21.0
100088.0,8.0,18.0,74.0,50.0,8.0,42.0,57.0,71.0,43.0,23.0,11.0,36.0,20.0,18.0,21.0
100090.0,14.0,24.0,62.0,50.0,12.0,38.0,56.0,69.0,42.0,24.0,11.0,38.0,20.0,20.0,20.0
100092.0,16.0,25.0,59.0,50.0,9.0,41.0,60.0,75.0,46.0,26.0,14.0,37.0,14.0,11.0,17.0
100093.0,10.0,21.0,69.0,43.0,9.0,48.0,60.0,76.0,45.0,22.0,10.0,34.0,18.0,14.0,21.0
100099.0,10.0,22.0,68.0,53.0,7.0,40.0,61.0,76.0,46.0,20.0,9.0,32.0,19.0,15.0,22.0
100105.0,15.0,30.0,55.0,51.0,10.0,39.0,51.0,66.0,37.0,28.0,14.0,41.0,21.0,20.0,22.0
100107.0,17.0,26.0,57.0,50.0,17.0,33.0,50.0,69.0,31.0,32.0,16.0,48.0,18.0,15.0,21.0
100109.0,13.0,25.0,62.0,52.0,10.0,38.0,54.0,68.0,40.0,27.0,13.0,40.0,19.0,19.0,20.0
100110.0,18.0,21.0,61.0,44.0,15.0,41.0,51.0,62.0,41.0,31.0,19.0,44.0,18.0,19.0,15.0
100113.0,7.0,18.0,75.0,44.0,6.0,50.0,59.0,73.0,45.0,22.0,9.0,34.0,19.0,18.0,21.0
100117.0,4.0,18.0,78.0,45.0,9.0,46.0,57.0,71.0,44.0,22.0,8.0,37.0,21.0,21.0,19.0
100118.0,10.0,22.0,68.0,48.0,9.0,43.0,62.0,76.0,48.0,20.0,9.0,31.0,18.0,15.0,21.0
100121.0,6.0,16.0,78.0,47.0,4.0,49.0,60.0,74.0,47.0,18.0,9.0,26.0,22.0,17.0,27.0
100122.0,13.0,31.0,56.0,52.0,13.0,35.0,54.0,67.0,42.0,27.0,14.0,40.0,19.0,19.0,18.0
100124.0,15.0,24.0,61.0,52.0,10.0,38.0,56.0,67.0,44.0,26.0,16.0,37.0,18.0,17.0,19.0
100125.0,9.0,21.0,70.0,41.0,7.0,52.0,63.0,77.0,49.0,20.0,9.0,31.0,17.0,14.0,20.0
100126.0,10.0,20.0,70.0,49.0,10.0,41.0,56.0,70.0,42.0,25.0,11.0,40.0,19.0,19.0,18.0
100127.0,5.0,17.0,78.0,44.0,7.0,49.0,60.0,75.0,46.0,21.0,9.0,32.0,19.0,16.0,22.0
100128.0,12.0,21.0,67.0,44.0,11.0,45.0,57.0,72.0,43.0,24.0,11.0,37.0,19.0,17.0,20.0
100130.0,11.0,24.0,65.0,52.0,16.0,32.0,68.0,83.0,54.0,16.0,10.0,20.0,16.0,7.0,26.0
100131.0,13.0,19.0,68.0,47.0,12.0,41.0,51.0,66.0,35.0,30.0,15.0,46.0,19.0,19.0,19.0
100132.0,10.0,19.0,71.0,45.0,9.0,46.0,62.0,74.0,50.0,21.0,11.0,30.0,17.0,15.0,20.0
100134.0,4.0,24.0,72.0,43.0,7.0,50.0,63.0,85.0,42.0,14.0,1.0,28.0,23.0,14.0,30.0
100135.0,14.0,24.0,62.0,54.0,10.0,36.0,53.0,68.0,39.0,27.0,13.0,41.0,20.0,19.0,20.0
100137.0,14.0,24.0,62.0,48.0,12.0,40.0,58.0,73.0,43.0,25.0,11.0,38.0,17.0,16.0,19.0
100140.0,5.0,17.0,78.0,47.0,8.0,45.0,61.0,75.0,47.0,18.0,8.0,29.0,21.0,17.0,24.0
100142.0,5.0,21.0,74.0,51.0,6.0,43.0,70.0,81.0,58.0,11.0,4.0,19.0,19.0,15.0,23.0
100150.0,13.0,28.0,59.0,56.0,7.0,37.0,60.0,73.0,48.0,20.0,11.0,29.0,20.0,16.0,23.0
100151.0,3.0,10.0,87.0,36.0,4.0,60.0,64.0,77.0,51.0,19.0,8.0,29.0,17.0,15.0,20.0
100154.0,9.0,17.0,74.0,42.0,9.0,49.0,59.0,73.0,44.0,24.0,11.0,36.0,17.0,16.0,20.0
100156.0,14.0,24.0,62.0,51.0,13.0,36.0,56.0,72.0,40.0,27.0,11.0,43.0,17.0,17.0,17.0
100157.0,10.0,24.0,66.0,51.0,10.0,39.0,58.0,73.0,44.0,23.0,11.0,35.0,19.0,16.0,21.0
100161.0,15.0,24.0,61.0,49.0,13.0,38.0,50.0,65.0,36.0,31.0,16.0,46.0,19.0,19.0,18.0
100166.0,9.0,22.0,69.0,51.0,8.0,41.0,57.0,72.0,41.0,24.0,12.0,37.0,19.0,16.0,22.0
100167.0,15.0,24.0,61.0,42.0,13.0,45.0,54.0,68.0,40.0,29.0,14.0,44.0,17.0,18.0,16.0
100168.0,16.0,27.0,57.0,49.0,14.0,37.0,53.0,69.0,37.0,30.0,14.0,47.0,17.0,17.0,16.0
100173.0,11.0,21.0,68.0,45.0,10.0,45.0,57.0,72.0,42.0,26.0,12.0,39.0,17.0,16.0,19.0
100175.0,7.0,21.0,72.0,55.0,9.0,36.0,53.0,68.0,38.0,23.0,12.0,34.0,24.0,20.0,28.0
100176.0,20.0,27.0,53.0,50.0,19.0,31.0,46.0,61.0,31.0,37.0,21.0,54.0,17.0,18.0,15.0
100177.0,10.0,22.0,68.0,49.0,8.0,43.0,62.0,75.0,49.0,20.0,7.0,33.0,18.0,18.0,18.0
100179.0,13.0,21.0,66.0,48.0,11.0,41.0,54.0,68.0,40.0,28.0,14.0,41.0,18.0,18.0,19.0
100180.0,13.0,23.0,64.0,47.0,13.0,40.0,52.0,67.0,38.0,32.0,19.0,46.0,16.0,14.0,16.0
100181.0,22.0,25.0,53.0,47.92933860938384,7.513284341435839,44.55737704918032,41.0,73.75409836065573,46.33945732052007,41.0,10.00423968343697,31.51271905031091,18.0,16.241661955907293,22.14782362916902
100183.0,16.0,25.0,59.0,37.0,12.0,51.0,62.0,76.0,47.0,25.0,13.0,38.0,13.0,11.0,15.0
100187.0,22.0,26.0,52.0,43.0,17.0,40.0,56.0,71.0,41.0,30.0,16.0,45.0,14.0,13.0,14.0
100189.0,21.0,28.0,51.0,49.0,22.0,29.0,42.0,58.0,27.0,38.0,21.0,54.0,20.0,21.0,19.0
100191.0,12.0,20.0,68.0,47.0,13.0,40.0,53.0,70.0,37.0,27.0,11.0,44.0,20.0,19.0,19.0
100200.0,12.0,24.0,64.0,48.0,14.0,38.0,46.0,60.0,33.0,33.0,17.0,49.0,21.0,23.0,18.0
100204.0,14.0,25.0,61.0,48.0,13.0,39.0,52.0,66.0,38.0,28.0,15.0,42.0,20.0,19.0,20.0
100206.0,10.0,20.0,70.0,49.0,10.0,41.0,56.0,68.0,43.0,26.0,16.0,37.0,18.0,16.0,20.0
100209.0,16.0,23.0,61.0,39.0,13.0,48.0,58.0,72.0,45.0,25.0,12.0,38.0,17.0,16.0,17.0
100211.0,11.0,22.0,67.0,48.0,7.0,45.0,60.0,76.0,45.0,20.0,9.0,32.0,20.0,15.0,23.0
100212.0,14.0,23.0,63.0,49.0,13.0,38.0,50.0,65.0,36.0,29.0,14.0,45.0,21.0,21.0,19.0
100213.0,22.0,28.0,50.0,57.0,11.0,32.0,50.0,68.0,33.0,31.0,17.0,44.0,19.0,15.0,23.0
100217.0,15.0,27.0,58.0,53.0,12.0,35.0,54.0,70.0,38.0,27.0,13.0,41.0,19.0,17.0,21.0
100220.0,7.0,21.0,72.0,50.0,8.0,42.0,54.0,72.0,37.0,24.0,12.0,36.0,22.0,16.0,27.0
100223.0,12.0,27.0,61.0,53.0,11.0,36.0,49.0,62.0,36.0,28.0,15.0,41.0,23.0,23.0,23.0
100224.0,18.0,27.0,55.0,46.0,22.0,32.0,49.0,65.0,33.0,36.0,21.0,50.0,15.0,14.0,17.0
100226.0,16.0,26.0,58.0,47.0,14.0,39.0,53.0,69.0,38.0,30.0,15.0,46.0,17.0,16.0,16.0
100228.0,15.0,26.0,59.0,50.0,17.0,33.0,50.0,67.0,34.0,29.0,15.0,43.0,21.0,18.0,23.0
100230.0,8.0,17.0,75.0,43.0,10.0,47.0,62.0,76.0,48.0,22.0,10.0,34.0,16.0,14.0,18.0
100231.0,12.0,21.0,67.0,45.0,11.0,44.0,59.0,70.0,48.0,23.0,13.0,34.0,18.0,17.0,18.0
100232.0,17.0,26.0,57.0,47.0,15.0,38.0,51.0,67.0,35.0,30.0,17.0,44.0,19.0,16.0,21.0
100236.0,21.0,25.0,54.0,50.0,14.0,36.0,50.0,64.0,36.0,32.0,19.0,46.0,18.0,17.0,18.0
100238.0,15.0,28.0,57.0,51.0,10.0,39.0,51.0,66.0,36.0,28.0,16.0,40.0,21.0,18.0,24.0
100242.0,16.0,22.0,62.0,45.0,14.0,41.0,55.0,68.0,41.0,28.0,14.0,41.0,17.0,18.0,18.0
100243.0,13.0,25.0,62.0,51.0,11.0,38.0,58.0,71.0,44.0,26.0,13.0,39.0,16.0,16.0,17.0
100244.0,8.0,23.0,69.0,47.0,9.0,44.0,56.0,74.0,40.0,22.0,10.0,34.0,22.0,16.0,26.0
100246.0,17.0,23.0,60.0,50.0,13.0,37.0,54.0,67.0,41.0,29.0,17.0,41.0,17.0,16.0,18.0
100248.0,18.0,25.0,57.0,52.0,11.0,37.0,49.0,62.0,36.0,30.0,16.0,43.0,21.0,22.0,21.0
100249.0,18.0,29.0,53.0,53.0,13.0,34.0,50.0,66.0,35.0,32.0,15.0,48.0,18.0,19.0,17.0
100252.0,8.0,22.0,70.0,50.0,7.0,43.0,62.0,76.0,47.0,20.0,7.0,33.0,18.0,17.0,20.0
100253.0,8.0,18.0,74.0,46.0,9.0,45.0,58.0,71.0,44.0,24.0,11.0,36.0,18.0,18.0,20.0
100254.0,12.0,26.0,62.0,51.0,13.0,36.0,53.0,66.0,40.0,30.0,18.0,43.0,17.0,16.0,17.0
100256.0,16.0,23.0,61.0,50.0,13.0,37.0,51.0,66.0,37.0,28.0,16.0,40.0,21.0,18.0,23.0
100258.0,29.0,28.0,43.0,49.0,23.0,28.0,40.0,55.0,26.0,40.0,23.0,57.0,20.0,22.0,17.0
100259.0,13.0,26.0,61.0,61.0,8.0,31.0,57.0,74.0,40.0,26.0,11.0,41.0,17.0,15.0,19.0
100260.0,12.0,20.0,68.0,47.0,11.0,42.0,56.0,70.0,42.0,26.0,15.0,37.0,18.0,15.0,21.0
100264.0,15.0,25.0,60.0,48.0,13.0,39.0,50.0,63.0,36.0,31.0,17.0,46.0,19.0,20.0,18.0
100265.0,6.0,17.0,77.0,45.0,7.0,48.0,60.0,75.0,45.0,20.0,9.0,31.0,20.0,16.0,24.0
100266.0,7.0,17.0,76.0,42.0,7.0,51.0,60.0,72.0,48.0,22.0,10.0,34.0,18.0,18.0,18.0
100267.0,10.0,20.0,70.0,50.0,11.0,39.0,58.0,72.0,45.0,23.0,13.0,33.0,19.0,15.0,22.0
100268.0,25.0,28.0,47.0,52.0,19.0,29.0,46.0,59.0,33.0,35.0,20.0,49.0,19.0,21.0,18.0
100269.0,15.0,24.0,61.0,51.0,11.0,38.0,47.0,60.0,34.0,32.0,19.0,46.0,21.0,21.0,20.0
100275.0,21.0,28.0,51.0,50.0,19.0,31.0,43.0,58.0,27.0,39.0,22.0,56.0,18.0,20.0,17.0
100276.0,10.0,24.0,66.0,47.0,13.0,40.0,53.0,66.0,40.0,28.0,15.0,41.0,19.0,19.0,19.0
100281.0,10.0,18.0,72.0,42.0,10.0,48.0,59.0,74.0,44.0,25.0,11.0,39.0,16.0,15.0,17.0
100284.0,10.0,28.0,62.0,52.0,15.0,33.0,55.0,70.0,39.0,28.0,17.0,39.0,17.0,13.0,22.0
100285.0,8.0,17.0,75.0,41.0,8.0,51.0,60.0,74.0,46.0,22.0,9.0,36.0,18.0,17.0,18.0
100286.0,13.0,27.0,60.0,52.0,12.0,36.0,51.0,65.0,36.0,28.0,14.0,43.0,21.0,21.0,21.0
100287.0,19.0,27.0,54.0,49.0,17.0,34.0,47.0,60.0,34.0,36.0,21.0,50.0,17.0,19.0,16.0
100288.0,17.0,25.0,58.0,49.0,14.0,37.0,52.0,66.0,38.0,30.0,18.0,41.0,18.0,16.0,21.0
100289.0,9.0,20.0,71.0,42.0,11.0,47.0,54.0,69.0,38.0,29.0,14.0,44.0,17.0,17.0,18.0
100290.0,19.0,26.0,55.0,51.0,12.0,37.0,57.0,71.0,43.0,26.0,13.0,39.0,17.0,16.0,18.0
100291.0,11.0,26.0,63.0,49.0,11.0,40.0,59.0,73.0,45.0,25.0,11.0,39.0,16.0,16.0,16.0
100292.0,6.0,17.0,77.0,43.0,8.0,49.0,58.0,71.0,46.0,21.0,11.0,31.0,21.0,18.0,23.0
100296.0,10.0,21.0,69.0,43.0,8.0,49.0,56.0,73.0,39.0,28.0,12.0,44.0,16.0,15.0,17.0
100299.0,12.0,24.0,64.0,49.0,9.0,42.0,56.0,73.0,39.0,24.0,11.0,38.0,20.0,16.0,23.0
100302.0,15.0,25.0,60.0,48.0,14.0,38.0,50.0,66.0,35.0,30.0,16.0,43.0,20.0,18.0,22.0
100307.0,11.0,26.0,63.0,44.0,8.0,48.0,54.0,69.0,39.0,27.0,13.0,41.0,19.0,18.0,20.0
100313.0,2.0,4.0,94.0,36.0,2.0,62.0,69.0,83.0,56.0,11.0,6.0,17.0,20.0,11.0,27.0
100314.0,8.0,17.0,75.0,38.0,6.0,56.0,62.0,76.0,47.0,23.0,9.0,36.0,15.0,15.0,17.0
100315.0,7.0,17.0,76.0,47.0,8.0,45.0,62.0,77.0,48.0,19.0,8.0,31.0,19.0,15.0,21.0
100316.0,13.0,21.0,66.0,51.0,11.0,38.0,57.0,71.0,42.0,27.0,14.0,41.0,16.0,15.0,17.0
100319.0,7.0,17.0,76.0,43.0,7.0,50.0,61.0,74.0,47.0,19.0,9.0,30.0,20.0,17.0,23.0
100320.0,15.0,21.0,64.0,41.0,17.0,42.0,51.0,66.0,36.0,34.0,19.0,50.0,15.0,15.0,14.0
100321.0,10.0,19.0,71.0,47.0,9.0,44.0,54.0,68.0,40.0,25.0,11.0,39.0,21.0,21.0,21.0
100329.0,9.0,17.0,74.0,42.0,9.0,49.0,61.0,76.0,47.0,23.0,9.0,36.0,16.0,15.0,17.0
100330.0,13.0,14.0,73.0,46.0,13.0,41.0,59.0,71.0,46.0,25.0,13.0,37.0,16.0,16.0,17.0
100350.0,6.0,16.0,78.0,44.0,9.0,47.0,61.0,72.0,49.0,21.0,11.0,31.0,18.0,17.0,20.0
100359.0,5.0,13.0,82.0,45.0,7.0,48.0,60.0,74.0,46.0,21.0,9.0,32.0,19.0,17.0,22.0
100360.0,11.0,13.0,76.0,42.0,12.0,46.0,52.0,65.0,39.0,29.0,14.0,43.0,19.0,21.0,18.0
100361.0,5.0,13.0,82.0,38.0,7.0,55.0,56.0,71.0,42.0,22.0,12.0,31.0,22.0,17.0,27.0
101303.0,2.0,7.0,91.0,47.92933860938384,7.513284341435839,44.55737704918032,62.0,73.75409836065573,46.33945732052007,8.0,10.00423968343697,31.51271905031091,30.0,16.241661955907293,22.14782362916902
101308.0,12.0,25.0,63.0,49.0,8.0,43.0,64.0,78.0,50.0,16.0,7.0,25.0,20.0,15.0,25.0
101309.0,11.0,28.0,61.0,47.92933860938384,7.513284341435839,44.55737704918032,70.0,73.75409836065573,46.33945732052007,15.0,10.00423968343697,31.51271905031091,15.0,16.241661955907293,22.14782362916902
101311.0,5.0,4.0,91.0,47.92933860938384,7.513284341435839,44.55737704918032,52.0,73.75409836065573,46.33945732052007,19.0,10.00423968343697,31.51271905031091,29.0,16.241661955907293,22.14782362916902
101313.0,3.0,10.0,87.0,29.0,10.0,61.0,69.0,80.0,59.0,15.0,5.0,26.0,16.0,15.0,15.0
110001.0,12.0,21.0,67.0,51.0,8.0,41.0,56.0,72.0,40.0,25.0,13.0,37.0,19.0,15.0,23.0
110002.0,7.0,19.0,74.0,47.0,8.0,45.0,58.0,71.0,45.0,23.0,12.0,33.0,19.0,17.0,22.0
110003.0,11.0,26.0,63.0,56.0,9.0,35.0,51.0,65.0,38.0,26.0,13.0,40.0,23.0,22.0,22.0
110005.0,6.0,16.0,78.0,45.0,6.0,49.0,56.0,71.0,40.0,24.0,12.0,37.0,20.0,17.0,23.0
110006.0,9.0,18.0,73.0,49.0,6.0,45.0,58.0,72.0,43.0,22.0,9.0,34.0,20.0,19.0,23.0
110007.0,16.0,28.0,56.0,55.0,10.0,35.0,55.0,68.0,41.0,25.0,13.0,37.0,20.0,19.0,22.0
110008.0,4.0,12.0,84.0,43.0,5.0,52.0,63.0,77.0,50.0,19.0,9.0,29.0,18.0,14.0,21.0
110010.0,8.0,18.0,74.0,42.0,8.0,50.0,61.0,75.0,48.0,21.0,9.0,33.0,18.0,16.0,19.0
110011.0,9.0,19.0,72.0,49.0,6.0,45.0,61.0,74.0,49.0,18.0,9.0,27.0,21.0,17.0,24.0
110015.0,6.0,19.0,75.0,44.0,7.0,49.0,63.0,74.0,52.0,18.0,9.0,28.0,19.0,17.0,20.0
110016.0,6.0,21.0,73.0,49.0,5.0,46.0,62.0,76.0,48.0,17.0,7.0,27.0,21.0,17.0,25.0
110018.0,13.0,25.0,62.0,51.0,11.0,38.0,54.0,71.0,36.0,27.0,12.0,41.0,19.0,17.0,23.0
110023.0,8.0,18.0,74.0,45.0,8.0,47.0,60.0,72.0,47.0,24.0,13.0,35.0,16.0,15.0,18.0
110024.0,11.0,24.0,65.0,50.0,9.0,41.0,56.0,72.0,41.0,24.0,11.0,37.0,20.0,17.0,22.0
110025.0,11.0,27.0,62.0,52.0,10.0,38.0,58.0,73.0,44.0,23.0,10.0,36.0,19.0,17.0,20.0
110027.0,6.0,21.0,73.0,49.0,7.0,44.0,60.0,73.0,46.0,19.0,8.0,29.0,21.0,19.0,25.0
110028.0,13.0,25.0,62.0,50.0,10.0,40.0,54.0,70.0,38.0,28.0,13.0,43.0,18.0,17.0,19.0
110029.0,12.0,22.0,66.0,49.0,10.0,41.0,54.0,68.0,39.0,26.0,13.0,39.0,20.0,19.0,22.0
110030.0,16.0,26.0,58.0,49.0,15.0,36.0,52.0,64.0,39.0,31.0,18.0,43.0,17.0,18.0,18.0
110031.0,16.0,27.0,57.0,51.0,14.0,35.0,54.0,69.0,39.0,28.0,15.0,41.0,18.0,16.0,20.0
110032.0,10.0,24.0,66.0,48.0,6.0,46.0,55.0,66.0,44.0,21.0,8.0,35.0,24.0,26.0,21.0
110034.0,13.0,24.0,63.0,43.0,10.0,47.0,57.0,71.0,43.0,25.0,12.0,37.0,18.0,17.0,20.0
110035.0,13.0,25.0,62.0,51.0,11.0,38.0,51.0,66.0,35.0,31.0,16.0,47.0,18.0,18.0,18.0
110036.0,17.0,25.0,58.0,50.0,13.0,37.0,52.0,68.0,36.0,27.0,14.0,40.0,21.0,18.0,24.0
110038.0,8.0,26.0,66.0,55.0,9.0,36.0,58.0,73.0,42.0,24.0,11.0,38.0,18.0,16.0,20.0
110041.0,5.0,32.0,63.0,51.0,11.0,38.0,56.0,69.0,43.0,22.0,11.0,33.0,22.0,20.0,24.0
110042.0,4.0,17.0,79.0,45.0,7.0,48.0,61.0,76.0,46.0,21.0,8.0,35.0,18.0,16.0,19.0
110043.0,6.0,19.0,75.0,48.0,6.0,46.0,59.0,74.0,44.0,22.0,11.0,34.0,19.0,15.0,22.0
110044.0,10.0,23.0,67.0,48.0,7.0,45.0,60.0,72.0,48.0,26.0,14.0,38.0,14.0,14.0,14.0
110045.0,8.0,26.0,66.0,44.0,13.0,43.0,62.0,73.0,50.0,23.0,12.0,34.0,15.0,15.0,16.0
110046.0,11.0,21.0,68.0,50.0,6.0,44.0,54.0,68.0,39.0,27.0,12.0,41.0,19.0,20.0,20.0
110050.0,3.0,21.0,76.0,54.0,2.0,44.0,72.0,92.0,51.0,10.0,0.0,20.0,18.0,8.0,29.0
110051.0,4.0,17.0,79.0,46.0,6.0,48.0,60.0,72.0,48.0,16.0,7.0,25.0,24.0,21.0,27.0
110054.0,10.0,20.0,70.0,51.0,9.0,40.0,55.0,70.0,40.0,22.0,10.0,35.0,23.0,20.0,25.0
110064.0,12.0,23.0,65.0,45.0,10.0,45.0,56.0,70.0,42.0,26.0,13.0,40.0,18.0,17.0,18.0
110069.0,13.0,25.0,62.0,52.0,10.0,38.0,55.0,69.0,41.0,25.0,12.0,38.0,20.0,19.0,21.0
110073.0,3.0,24.0,73.0,55.0,5.0,40.0,69.0,75.0,63.0,14.0,13.0,15.0,17.0,12.0,22.0
110074.0,6.0,19.0,75.0,47.0,7.0,46.0,62.0,75.0,48.0,21.0,10.0,31.0,17.0,15.0,21.0
110075.0,8.0,21.0,71.0,51.0,8.0,41.0,59.0,74.0,44.0,20.0,8.0,32.0,21.0,18.0,24.0
110076.0,16.0,27.0,57.0,53.0,16.0,31.0,52.0,68.0,35.0,30.0,15.0,44.0,18.0,17.0,21.0
110078.0,12.0,24.0,64.0,48.0,13.0,39.0,54.0,68.0,40.0,26.0,12.0,41.0,20.0,20.0,19.0
110079.0,13.0,22.0,65.0,48.0,13.0,39.0,54.0,66.0,42.0,28.0,14.0,42.0,18.0,20.0,16.0
110082.0,11.0,21.0,68.0,46.0,10.0,44.0,58.0,72.0,43.0,29.0,17.0,41.0,13.0,11.0,16.0
110083.0,8.0,21.0,71.0,48.0,8.0,44.0,57.0,73.0,42.0,24.0,10.0,37.0,19.0,17.0,21.0
110086.0,2.0,27.0,71.0,48.0,10.0,42.0,65.0,83.0,48.0,18.0,6.0,30.0,17.0,11.0,22.0
110087.0,10.0,22.0,68.0,48.0,9.0,43.0,55.0,68.0,42.0,25.0,12.0,37.0,20.0,20.0,21.0
110089.0,13.0,20.0,67.0,46.0,10.0,44.0,54.0,67.0,42.0,28.0,17.0,39.0,18.0,16.0,19.0
110091.0,13.0,28.0,59.0,54.0,12.0,34.0,54.0,68.0,40.0,27.0,13.0,41.0,19.0,19.0,19.0
110092.0,7.0,16.0,77.0,49.0,3.0,48.0,67.0,81.0,52.0,13.0,4.0,22.0,20.0,15.0,26.0
110095.0,11.0,21.0,68.0,49.0,9.0,42.0,60.0,75.0,45.0,23.0,12.0,34.0,17.0,13.0,21.0
110100.0,8.0,30.0,62.0,50.0,12.0,38.0,36.0,56.0,22.0,40.0,18.0,61.0,24.0,26.0,17.0
110101.0,1.0,5.0,94.0,47.92933860938384,7.513284341435839,44.55737704918032,63.0,73.75409836065573,46.33945732052007,10.0,10.00423968343697,31.51271905031091,27.0,16.241661955907293,22.14782362916902
110104.0,6.0,26.0,68.0,47.0,8.0,45.0,63.0,78.0,48.0,21.0,9.0,33.0,16.0,13.0,19.0
110105.0,4.0,19.0,77.0,45.0,6.0,49.0,61.0,72.0,50.0,20.0,9.0,30.0,19.0,19.0,20.0
110107.0,15.0,25.0,60.0,51.0,13.0,36.0,52.0,67.0,37.0,28.0,14.0,42.0,20.0,19.0,21.0
110109.0,8.0,17.0,75.0,50.0,11.0,39.0,53.0,59.0,47.0,17.0,17.0,16.0,30.0,24.0,37.0
110111.0,7.0,21.0,72.0,42.0,6.0,52.0,63.0,79.0,48.0,20.0,9.0,30.0,17.0,12.0,22.0
110113.0,5.0,15.0,80.0,35.0,7.0,58.0,70.0,84.0,56.0,11.0,7.0,16.0,19.0,9.0,28.0
110121.0,5.0,18.0,77.0,49.0,5.0,46.0,60.0,73.0,47.0,21.0,4.0,38.0,19.0,23.0,15.0
110122.0,11.0,25.0,64.0,53.0,9.0,38.0,56.0,70.0,42.0,24.0,10.0,39.0,20.0,20.0,19.0
110124.0,9.0,15.0,76.0,47.0,6.0,47.0,61.0,70.0,51.0,25.0,15.0,35.0,14.0,15.0,14.0
110125.0,6.0,18.0,76.0,48.0,6.0,46.0,69.0,80.0,59.0,13.0,4.0,23.0,18.0,16.0,18.0
110128.0,6.0,17.0,77.0,46.0,6.0,48.0,60.0,70.0,49.0,21.0,10.0,33.0,19.0,20.0,18.0
110129.0,11.0,24.0,65.0,47.0,10.0,43.0,58.0,75.0,40.0,26.0,13.0,39.0,16.0,12.0,21.0
110132.0,26.0,26.0,48.0,58.0,11.0,31.0,44.0,65.0,22.0,37.0,16.0,59.0,19.0,19.0,19.0
110135.0,12.0,33.0,55.0,68.0,8.0,24.0,50.0,60.0,40.0,30.0,16.0,43.0,20.0,24.0,17.0
110142.0,6.0,23.0,71.0,50.0,6.0,44.0,61.0,75.0,47.0,23.0,11.0,36.0,16.0,14.0,17.0
110143.0,14.0,25.0,61.0,51.0,14.0,35.0,52.0,66.0,38.0,29.0,13.0,45.0,19.0,21.0,17.0
110146.0,12.0,20.0,68.0,40.0,8.0,52.0,58.0,72.0,43.0,23.0,10.0,37.0,19.0,18.0,20.0
110150.0,16.0,25.0,59.0,53.0,10.0,37.0,48.0,62.0,34.0,34.0,21.0,47.0,18.0,17.0,19.0
110161.0,8.0,17.0,75.0,46.0,8.0,46.0,59.0,73.0,44.0,22.0,10.0,34.0,19.0,17.0,22.0
110164.0,10.0,20.0,70.0,50.0,9.0,41.0,55.0,73.0,38.0,25.0,14.0,37.0,20.0,13.0,25.0
110165.0,22.0,28.0,50.0,54.0,20.0,26.0,48.0,63.0,34.0,32.0,20.0,43.0,20.0,17.0,23.0
110168.0,8.0,20.0,72.0,48.0,9.0,43.0,58.0,72.0,45.0,23.0,11.0,35.0,19.0,17.0,20.0
110177.0,14.0,21.0,65.0,48.0,12.0,40.0,56.0,69.0,42.0,29.0,17.0,41.0,15.0,14.0,17.0
110184.0,13.0,22.0,65.0,48.0,11.0,41.0,54.0,68.0,41.0,25.0,12.0,39.0,21.0,20.0,20.0
110191.0,17.0,29.0,54.0,51.0,15.0,34.0,48.0,65.0,32.0,30.0,15.0,45.0,22.0,20.0,23.0
110192.0,13.0,30.0,57.0,55.0,13.0,32.0,55.0,69.0,41.0,27.0,14.0,40.0,18.0,17.0,19.0
110194.0,10.0,23.0,67.0,53.0,10.0,37.0,54.0,69.0,38.0,31.0,19.0,44.0,15.0,12.0,18.0
110198.0,17.0,26.0,57.0,52.0,13.0,35.0,43.0,56.0,31.0,35.0,20.0,50.0,22.0,24.0,19.0
110200.0,6.0,19.0,75.0,45.0,7.0,48.0,61.0,77.0,46.0,20.0,8.0,33.0,19.0,15.0,21.0
110201.0,9.0,20.0,71.0,47.0,12.0,41.0,56.0,70.0,43.0,25.0,12.0,39.0,19.0,18.0,18.0
110215.0,10.0,20.0,70.0,49.0,9.0,42.0,54.0,71.0,37.0,27.0,11.0,43.0,19.0,18.0,20.0
110225.0,9.0,23.0,68.0,50.0,8.0,42.0,59.0,73.0,45.0,20.0,9.0,32.0,21.0,18.0,23.0
110226.0,13.0,20.0,67.0,47.0,12.0,41.0,54.0,69.0,39.0,28.0,14.0,42.0,18.0,17.0,19.0
110229.0,12.0,24.0,64.0,49.0,12.0,39.0,55.0,68.0,41.0,24.0,12.0,36.0,21.0,20.0,23.0
110230.0,9.0,20.0,71.0,50.0,9.0,41.0,50.0,64.0,36.0,26.0,12.0,40.0,24.0,24.0,24.0
110233.0,7.0,10.0,83.0,41.0,6.0,53.0,67.0,82.0,53.0,14.0,5.0,23.0,19.0,13.0,24.0
110236.0,3.0,12.0,85.0,39.0,1.0,60.0,76.0,87.0,64.0,14.0,5.0,22.0,10.0,8.0,14.0
110237.0,5.0,25.0,70.0,41.0,8.0,51.0,70.0,80.0,60.0,16.0,11.0,22.0,14.0,9.0,18.0
110252.0,7.0,22.0,71.0,49.0,7.0,44.0,58.0,73.0,42.0,21.0,10.0,32.0,21.0,17.0,26.0
111304.0,3.0,11.0,86.0,46.0,4.0,50.0,67.0,78.0,57.0,13.0,6.0,20.0,20.0,16.0,23.0
111306.0,10.0,23.0,67.0,55.0,8.0,37.0,57.0,75.0,39.0,26.0,14.0,38.0,17.0,11.0,23.0
111308.0,0.0,20.0,80.0,47.92933860938384,7.513284341435839,44.55737704918032,55.0,73.75409836065573,46.33945732052007,18.0,10.00423968343697,31.51271905031091,27.0,16.241661955907293,22.14782362916902
111310.0,5.0,19.0,76.0,48.0,5.0,47.0,71.0,83.0,59.0,9.0,1.0,17.0,20.0,16.0,24.0
111314.0,20.0,32.0,48.0,47.92933860938384,7.513284341435839,44.55737704918032,41.0,73.75409836065573,46.33945732052007,35.0,10.00423968343697,31.51271905031091,24.0,16.241661955907293,22.14782362916902
111318.0,3.0,18.0,79.0,47.92933860938384,7.513284341435839,44.55737704918032,59.0,73.75409836065573,46.33945732052007,26.0,10.00423968343697,31.51271905031091,15.0,16.241661955907293,22.14782362916902
111319.0,4.0,9.0,87.0,33.0,1.0,66.0,64.0,76.0,52.0,23.0,11.0,35.0,13.0,13.0,13.0
111320.0,1.0,8.0,91.0,35.0,6.0,59.0,63.0,81.0,45.0,17.0,6.0,28.0,20.0,13.0,27.0
111323.0,5.0,11.0,84.0,40.0,6.0,54.0,73.0,84.0,62.0,13.0,6.0,21.0,14.0,10.0,17.0
111324.0,6.0,7.0,87.0,47.92933860938384,7.513284341435839,44.55737704918032,62.0,73.75409836065573,46.33945732052007,14.0,10.00423968343697,31.51271905031091,24.0,16.241661955907293,22.14782362916902
111325.0,4.0,16.0,80.0,47.92933860938384,7.513284341435839,44.55737704918032,82.0,73.75409836065573,46.33945732052007,7.0,10.00423968343697,31.51271905031091,11.0,16.241661955907293,22.14782362916902
111326.0,9.0,17.0,74.0,39.0,5.0,56.0,82.0,91.0,72.0,5.0,4.0,9.0,13.0,5.0,19.0
111327.0,6.0,18.0,76.0,49.0,7.0,44.0,62.0,76.0,48.0,13.0,6.0,19.0,25.0,18.0,33.0
111329.0,5.0,16.0,79.0,50.0,4.0,46.0,54.0,70.0,38.0,21.0,8.0,35.0,25.0,22.0,27.0
111330.0,3.0,8.0,89.0,47.92933860938384,7.513284341435839,44.55737704918032,70.0,73.75409836065573,46.33945732052007,20.0,10.00423968343697,31.51271905031091,10.0,16.241661955907293,22.14782362916902
111331.0,4.0,9.0,87.0,55.0,3.0,42.0,65.0,77.0,52.0,15.0,11.0,20.0,20.0,12.0,28.0
111333.0,4.0,14.0,82.0,47.92933860938384,7.513284341435839,44.55737704918032,72.0,73.75409836065573,46.33945732052007,10.0,10.00423968343697,31.51271905031091,18.0,16.241661955907293,22.14782362916902
111334.0,6.0,13.0,81.0,47.92933860938384,7.513284341435839,44.55737704918032,51.0,73.75409836065573,46.33945732052007,24.0,10.00423968343697,31.51271905031091,25.0,16.241661955907293,22.14782362916902
111335.0,13.0,19.0,68.0,49.0,8.0,43.0,63.0,74.0,53.0,15.0,8.0,23.0,22.0,18.0,24.0
111337.0,6.0,29.0,65.0,49.0,5.0,46.0,59.0,71.0,48.0,21.0,8.0,35.0,20.0,21.0,17.0
120001.0,9.0,18.0,73.0,48.0,7.0,45.0,63.0,76.0,49.0,18.0,8.0,27.0,19.0,16.0,24.0
120002.0,13.0,31.0,56.0,55.0,8.0,37.0,60.0,73.0,47.0,20.0,11.0,30.0,20.0,16.0,23.0
120004.0,19.0,16.0,65.0,39.0,9.0,52.0,56.0,67.0,45.0,25.0,13.0,37.0,19.0,20.0,18.0
120005.0,10.0,26.0,64.0,55.0,9.0,36.0,60.0,72.0,47.0,22.0,10.0,34.0,18.0,18.0,19.0
120006.0,6.0,21.0,73.0,45.0,5.0,50.0,67.0,80.0,54.0,15.0,7.0,24.0,18.0,13.0,22.0
120007.0,12.0,27.0,61.0,50.0,9.0,41.0,56.0,67.0,45.0,24.0,14.0,34.0,20.0,19.0,21.0
120011.0,5.0,18.0,77.0,47.0,7.0,46.0,65.0,77.0,52.0,16.0,8.0,25.0,19.0,15.0,23.0
120014.0,8.0,21.0,71.0,51.0,6.0,43.0,63.0,76.0,50.0,18.0,7.0,29.0,19.0,17.0,21.0
120019.0,17.0,29.0,54.0,48.0,10.0,42.0,60.0,70.0,49.0,20.0,11.0,30.0,20.0,19.0,21.0
120022.0,6.0,21.0,73.0,49.0,5.0,46.0,59.0,70.0,48.0,19.0,8.0,29.0,22.0,22.0,23.0
120026.0,7.0,20.0,73.0,49.0,9.0,42.0,62.0,77.0,47.0,18.0,8.0,27.0,20.0,15.0,26.0
120028.0,7.0,22.0,71.0,49.0,7.0,44.0,55.0,71.0,39.0,20.0,10.0,31.0,25.0,19.0,30.0
121300.0,8.0,30.0,62.0,51.0,8.0,41.0,63.0,77.0,49.0,22.0,7.0,36.0,15.0,16.0,15.0
121304.0,8.0,27.0,65.0,47.92933860938384,7.513284341435839,44.55737704918032,75.0,73.75409836065573,46.33945732052007,9.0,10.00423968343697,31.51271905031091,16.0,16.241661955907293,22.14782362916902
130002.0,7.0,28.0,65.0,46.0,7.0,47.0,59.0,74.0,43.0,23.0,12.0,34.0,18.0,14.0,23.0
130003.0,12.0,27.0,61.0,54.0,6.0,40.0,59.0,73.0,46.0,21.0,10.0,33.0,20.0,17.0,21.0
130006.0,7.0,15.0,78.0,44.0,4.0,52.0,65.0,80.0,50.0,18.0,10.0,27.0,17.0,10.0,23.0
130007.0,6.0,20.0,74.0,46.0,8.0,46.0,52.0,69.0,35.0,21.0,11.0,31.0,27.0,20.0,34.0
130013.0,9.0,19.0,72.0,48.0,7.0,45.0,59.0,72.0,47.0,19.0,11.0,27.0,22.0,17.0,26.0
130014.0,5.0,16.0,79.0,45.0,6.0,49.0,65.0,78.0,53.0,15.0,6.0,24.0,20.0,16.0,23.0
130018.0,13.0,23.0,64.0,50.0,10.0,40.0,54.0,67.0,41.0,25.0,13.0,36.0,21.0,20.0,23.0
130025.0,5.0,27.0,68.0,52.0,6.0,42.0,58.0,74.0,41.0,22.0,9.0,34.0,20.0,17.0,25.0
130028.0,10.0,25.0,65.0,49.0,6.0,45.0,56.0,71.0,41.0,24.0,11.0,36.0,20.0,18.0,23.0
130049.0,8.0,21.0,71.0,50.0,6.0,44.0,57.0,72.0,42.0,24.0,11.0,36.0,19.0,17.0,22.0
130063.0,2.0,5.0,93.0,35.0,3.0,62.0,78.0,91.0,65.0,9.0,3.0,16.0,13.0,6.0,19.0
130065.0,5.0,16.0,79.0,44.0,6.0,50.0,55.0,70.0,39.0,23.0,9.0,37.0,22.0,21.0,24.0
130066.0,4.0,10.0,86.0,38.0,7.0,55.0,73.0,85.0,61.0,13.0,5.0,22.0,14.0,10.0,17.0
130071.0,5.0,15.0,80.0,44.0,5.0,51.0,61.0,75.0,46.0,19.0,10.0,28.0,20.0,15.0,26.0
130073.0,7.0,12.0,81.0,34.0,7.0,59.0,69.0,88.0,50.0,16.0,5.0,26.0,15.0,7.0,24.0
130074.0,6.0,15.0,79.0,44.0,7.0,49.0,63.0,77.0,49.0,18.0,8.0,28.0,19.0,15.0,23.0
131301.0,12.0,26.0,62.0,47.92933860938384,7.513284341435839,44.55737704918032,75.0,73.75409836065573,46.33945732052007,11.0,10.00423968343697,31.51271905031091,14.0,16.241661955907293,22.14782362916902
131302.0,5.0,12.0,83.0,32.0,9.0,59.0,66.0,76.0,55.0,17.0,9.0,27.0,17.0,15.0,18.0
131305.0,11.0,12.0,77.0,36.0,7.0,57.0,67.0,75.0,60.0,18.0,10.0,26.0,15.0,15.0,14.0
131307.0,3.0,17.0,80.0,47.92933860938384,7.513284341435839,44.55737704918032,69.0,73.75409836065573,46.33945732052007,24.0,10.00423968343697,31.51271905031091,7.0,16.241661955907293,22.14782362916902
131309.0,10.0,32.0,58.0,47.92933860938384,7.513284341435839,44.55737704918032,59.0,73.75409836065573,46.33945732052007,29.0,10.00423968343697,31.51271905031091,12.0,16.241661955907293,22.14782362916902
131310.0,5.0,21.0,74.0,44.0,0.0,56.0,80.0,88.0,73.0,11.0,2.0,20.0,9.0,10.0,7.0
131311.0,5.0,17.0,78.0,46.0,2.0,52.0,70.0,81.0,58.0,10.0,3.0,19.0,20.0,16.0,23.0
131312.0,5.0,22.0,73.0,45.0,3.0,52.0,65.0,80.0,50.0,18.0,5.0,31.0,17.0,15.0,19.0
131314.0,5.0,13.0,82.0,47.92933860938384,7.513284341435839,44.55737704918032,64.0,73.75409836065573,46.33945732052007,16.0,10.00423968343697,31.51271905031091,20.0,16.241661955907293,22.14782362916902
131315.0,2.0,15.0,83.0,48.0,0.0,52.0,79.0,87.0,70.0,6.0,3.0,10.0,15.0,10.0,20.0
131316.0,4.0,18.0,78.0,47.92933860938384,7.513284341435839,44.55737704918032,57.0,73.75409836065573,46.33945732052007,19.0,10.00423968343697,31.51271905031091,24.0,16.241661955907293,22.14782362916902
131318.0,6.0,16.0,78.0,47.92933860938384,7.513284341435839,44.55737704918032,64.0,73.75409836065573,46.33945732052007,11.0,10.00423968343697,31.51271905031091,25.0,16.241661955907293,22.14782362916902
131319.0,2.0,10.0,88.0,53.0,2.0,45.0,70.0,89.0,49.0,11.0,5.0,19.0,19.0,6.0,32.0
131320.0,11.0,22.0,67.0,53.0,7.0,40.0,72.0,83.0,60.0,23.0,16.0,30.0,5.0,1.0,10.0
131321.0,0.0,19.0,81.0,47.92933860938384,7.513284341435839,44.55737704918032,72.0,73.75409836065573,46.33945732052007,13.0,10.00423968343697,31.51271905031091,15.0,16.241661955907293,22.14782362916902
131322.0,2.0,16.0,82.0,40.0,3.0,57.0,77.0,86.0,68.0,5.0,0.0,12.0,18.0,14.0,20.0
131323.0,4.0,14.0,82.0,44.0,4.0,52.0,61.0,78.0,44.0,15.0,6.0,24.0,24.0,16.0,32.0
131325.0,10.0,20.0,70.0,49.0,6.0,45.0,66.0,80.0,51.0,17.0,7.0,26.0,17.0,13.0,23.0
131326.0,9.0,27.0,64.0,51.0,8.0,41.0,66.0,79.0,53.0,15.0,9.0,20.0,19.0,12.0,27.0
131327.0,4.0,21.0,75.0,49.0,6.0,45.0,70.0,87.0,52.0,12.0,4.0,21.0,18.0,9.0,27.0
131328.0,11.0,25.0,64.0,58.0,10.0,32.0,63.0,75.0,52.0,18.0,7.0,29.0,19.0,18.0,19.0
140001.0,9.0,20.0,71.0,49.0,5.0,46.0,61.0,76.0,46.0,18.0,6.0,29.0,21.0,18.0,25.0
140002.0,6.0,18.0,76.0,42.0,8.0,50.0,60.0,75.0,45.0,21.0,9.0,34.0,19.0,16.0,21.0
140007.0,15.0,27.0,58.0,53.0,12.0,35.0,52.0,71.0,35.0,26.0,12.0,40.0,22.0,17.0,25.0
140008.0,16.0,25.0,59.0,52.0,11.0,37.0,55.0,69.0,40.0,26.0,13.0,39.0,19.0,18.0,21.0
140010.0,7.0,21.0,72.0,46.0,7.0,47.0,58.0,72.0,43.0,22.0,10.0,34.0,20.0,18.0,23.0
140011.0,12.0,19.0,69.0,46.0,9.0,45.0,62.0,72.0,52.0,17.0,10.0,24.0,21.0,18.0,24.0
140012.0,8.0,25.0,67.0,54.0,9.0,37.0,52.0,66.0,38.0,24.0,13.0,35.0,24.0,21.0,27.0
140013.0,11.0,22.0,67.0,55.0,8.0,37.0,56.0,72.0,40.0,25.0,12.0,39.0,19.0,16.0,21.0
140015.0,7.0,26.0,67.0,50.0,5.0,45.0,60.0,74.0,46.0,21.0,10.0,32.0,19.0,16.0,22.0
140018.0,19.0,33.0,48.0,54.0,16.0,30.0,47.0,64.0,30.0,28.0,15.0,41.0,25.0,21.0,29.0
140029.0,11.0,19.0,70.0,46.0,7.0,47.0,56.0,72.0,41.0,24.0,13.0,35.0,20.0,15.0,24.0
140030.0,6.0,19.0,75.0,47.0,6.0,47.0,63.0,79.0,47.0,18.0,6.0,31.0,19.0,15.0,22.0
140032.0,6.0,22.0,72.0,53.0,4.0,43.0,61.0,75.0,47.0,16.0,6.0,27.0,23.0,19.0,26.0
140034.0,9.0,25.0,66.0,51.0,6.0,43.0,61.0,75.0,47.0,19.0,10.0,28.0,20.0,15.0,25.0
140043.0,9.0,21.0,70.0,50.0,7.0,43.0,58.0,71.0,45.0,20.0,10.0,30.0,22.0,19.0,25.0
140046.0,8.0,21.0,71.0,52.0,6.0,42.0,63.0,76.0,51.0,19.0,10.0,28.0,18.0,14.0,21.0
140048.0,12.0,27.0,61.0,51.0,11.0,38.0,60.0,77.0,44.0,25.0,9.0,40.0,15.0,14.0,16.0
140049.0,26.0,28.0,46.0,53.0,16.0,31.0,53.0,67.0,40.0,29.0,15.0,42.0,18.0,18.0,18.0
140052.0,7.0,20.0,73.0,51.0,8.0,41.0,61.0,73.0,49.0,23.0,11.0,34.0,16.0,16.0,17.0
140053.0,11.0,21.0,68.0,51.0,7.0,42.0,55.0,68.0,42.0,24.0,13.0,35.0,21.0,19.0,23.0
140054.0,10.0,30.0,60.0,52.0,8.0,40.0,56.0,73.0,39.0,26.0,12.0,41.0,18.0,15.0,20.0
140059.0,6.0,22.0,72.0,50.0,3.0,47.0,63.0,72.0,54.0,16.0,6.0,25.0,21.0,22.0,21.0
140062.0,10.0,27.0,63.0,54.0,8.0,38.0,55.0,71.0,38.0,26.0,10.0,41.0,19.0,19.0,21.0
140063.0,12.0,25.0,63.0,48.0,11.0,41.0,59.0,75.0,44.0,21.0,8.0,33.0,20.0,17.0,23.0
140064.0,12.0,21.0,67.0,51.0,7.0,42.0,57.0,69.0,46.0,21.0,9.0,32.0,22.0,22.0,22.0
140065.0,9.0,22.0,69.0,49.0,7.0,44.0,58.0,73.0,44.0,20.0,9.0,31.0,22.0,18.0,25.0
140067.0,13.0,25.0,62.0,49.0,8.0,43.0,55.0,70.0,41.0,23.0,11.0,36.0,22.0,19.0,23.0
140068.0,27.0,27.0,46.0,49.0,21.0,30.0,45.0,60.0,31.0,36.0,26.0,47.0,19.0,14.0,22.0
140077.0,9.0,38.0,53.0,47.92933860938384,7.513284341435839,44.55737704918032,53.0,73.75409836065573,46.33945732052007,10.0,10.00423968343697,31.51271905031091,37.0,16.241661955907293,22.14782362916902
140080.0,12.0,26.0,62.0,52.0,11.0,37.0,53.0,71.0,35.0,27.0,13.0,39.0,20.0,16.0,26.0
140082.0,22.0,25.0,53.0,46.0,16.0,38.0,51.0,65.0,37.0,26.0,16.0,36.0,23.0,19.0,27.0
140083.0,28.0,25.0,47.0,47.92933860938384,7.513284341435839,44.55737704918032,36.0,73.75409836065573,46.33945732052007,36.0,10.00423968343697,31.51271905031091,28.0,16.241661955907293,22.14782362916902
140084.0,16.0,32.0,52.0,49.0,16.0,35.0,51.0,65.0,37.0,31.0,18.0,44.0,18.0,17.0,19.0
140088.0,8.0,19.0,73.0,45.0,8.0,47.0,60.0,76.0,45.0,21.0,9.0,33.0,19.0,15.0,22.0
140089.0,5.0,25.0,70.0,57.0,3.0,40.0,60.0,76.0,45.0,15.0,3.0,27.0,25.0,21.0,28.0
140091.0,7.0,22.0,71.0,51.0,4.0,45.0,58.0,73.0,44.0,20.0,9.0,32.0,22.0,18.0,24.0
140093.0,17.0,26.0,57.0,56.0,11.0,33.0,53.0,68.0,39.0,26.0,16.0,35.0,21.0,16.0,26.0
140095.0,12.0,25.0,63.0,60.0,13.0,27.0,54.0,71.0,37.0,27.0,15.0,40.0,19.0,14.0,23.0
140100.0,2.0,4.0,94.0,24.0,2.0,74.0,88.0,96.0,79.0,5.0,1.0,10.0,7.0,3.0,11.0
140101.0,5.0,20.0,75.0,48.0,7.0,45.0,59.0,75.0,43.0,19.0,9.0,29.0,22.0,16.0,28.0
140103.0,19.0,29.0,52.0,51.0,24.0,25.0,49.0,62.0,35.0,33.0,24.0,42.0,18.0,14.0,23.0
140110.0,8.0,23.0,69.0,48.0,7.0,45.0,62.0,76.0,49.0,20.0,10.0,30.0,18.0,14.0,21.0
140113.0,6.0,24.0,70.0,50.0,5.0,45.0,59.0,73.0,44.0,19.0,6.0,32.0,22.0,21.0,24.0
140114.0,13.0,25.0,62.0,49.0,13.0,38.0,54.0,68.0,41.0,27.0,14.0,39.0,19.0,18.0,20.0
140115.0,14.0,20.0,66.0,40.0,15.0,45.0,54.0,66.0,42.0,27.0,16.0,37.0,19.0,18.0,21.0
140116.0,8.0,21.0,71.0,50.0,6.0,44.0,60.0,75.0,46.0,18.0,7.0,30.0,22.0,18.0,24.0
140117.0,10.0,26.0,64.0,53.0,9.0,38.0,52.0,70.0,34.0,24.0,12.0,36.0,24.0,18.0,30.0
140119.0,6.0,17.0,77.0,44.0,7.0,49.0,61.0,76.0,46.0,20.0,9.0,31.0,19.0,15.0,23.0
140120.0,10.0,29.0,61.0,52.0,7.0,41.0,54.0,68.0,39.0,27.0,12.0,42.0,19.0,20.0,19.0
140122.0,9.0,23.0,68.0,49.0,7.0,44.0,56.0,72.0,41.0,24.0,11.0,37.0,20.0,17.0,22.0
140124.0,13.0,24.0,63.0,49.0,14.0,37.0,52.0,65.0,39.0,28.0,16.0,40.0,20.0,19.0,21.0
140125.0,28.0,29.0,43.0,53.0,19.0,28.0,50.0,62.0,37.0,31.0,17.0,45.0,19.0,21.0,18.0
140127.0,6.0,18.0,76.0,48.0,5.0,47.0,60.0,76.0,44.0,19.0,9.0,30.0,21.0,15.0,26.0
140130.0,6.0,19.0,75.0,47.0,4.0,49.0,58.0,73.0,43.0,22.0,10.0,35.0,20.0,17.0,22.0
140133.0,27.0,30.0,43.0,52.0,21.0,27.0,47.0,61.0,32.0,35.0,23.0,46.0,18.0,16.0,22.0
140135.0,10.0,28.0,62.0,50.0,9.0,41.0,51.0,65.0,39.0,27.0,16.0,37.0,22.0,19.0,24.0
140137.0,12.0,21.0,67.0,47.92933860938384,7.513284341435839,44.55737704918032,62.0,73.75409836065573,46.33945732052007,19.0,10.00423968343697,31.51271905031091,19.0,16.241661955907293,22.14782362916902
140145.0,5.0,19.0,76.0,50.0,3.0,47.0,63.0,77.0,49.0,14.0,6.0,22.0,23.0,17.0,29.0
140147.0,7.0,27.0,66.0,55.0,8.0,37.0,63.0,76.0,50.0,18.0,8.0,27.0,19.0,16.0,23.0
140148.0,8.0,23.0,69.0,48.0,7.0,45.0,54.0,69.0,40.0,22.0,11.0,32.0,24.0,20.0,28.0
140150.0,11.0,23.0,66.0,48.0,12.0,40.0,57.0,70.0,43.0,24.0,12.0,37.0,19.0,18.0,20.0
140155.0,6.0,23.0,71.0,49.0,7.0,44.0,56.0,73.0,39.0,24.0,11.0,37.0,20.0,16.0,24.0
140158.0,17.0,28.0,55.0,46.0,20.0,34.0,48.0,64.0,33.0,35.0,22.0,47.0,17.0,14.0,20.0
140160.0,10.0,23.0,67.0,53.0,5.0,42.0,63.0,79.0,46.0,16.0,5.0,28.0,21.0,16.0,26.0
140161.0,9.0,16.0,75.0,44.0,5.0,51.0,67.0,78.0,55.0,14.0,6.0,21.0,19.0,16.0,24.0
140162.0,12.0,22.0,66.0,50.0,8.0,42.0,59.0,73.0,44.0,22.0,9.0,35.0,19.0,18.0,21.0
140164.0,9.0,23.0,68.0,50.0,5.0,45.0,62.0,76.0,49.0,22.0,13.0,31.0,16.0,11.0,20.0
140166.0,14.0,25.0,61.0,48.0,11.0,41.0,52.0,65.0,40.0,29.0,16.0,41.0,19.0,19.0,19.0
140172.0,13.0,25.0,62.0,52.0,12.0,36.0,54.0,70.0,38.0,25.0,12.0,39.0,21.0,18.0,23.0
140174.0,7.0,25.0,68.0,54.0,9.0,37.0,60.0,76.0,45.0,18.0,8.0,27.0,22.0,16.0,28.0
140177.0,43.0,26.0,31.0,39.0,33.0,28.0,44.0,62.0,26.0,46.0,29.0,63.0,10.0,9.0,11.0
140179.0,9.0,19.0,72.0,45.0,10.0,45.0,65.0,80.0,50.0,20.0,9.0,32.0,15.0,11.0,18.0
140180.0,10.0,24.0,66.0,60.0,10.0,30.0,54.0,72.0,36.0,25.0,12.0,38.0,21.0,16.0,26.0
140181.0,31.0,26.0,43.0,48.0,26.0,26.0,31.0,39.0,23.0,42.0,35.0,49.0,27.0,26.0,28.0
140182.0,10.0,24.0,66.0,49.0,9.0,42.0,60.0,75.0,44.0,23.0,9.0,37.0,17.0,16.0,19.0
140184.0,18.0,24.0,58.0,55.0,13.0,32.0,50.0,62.0,38.0,31.0,19.0,42.0,19.0,19.0,20.0
140185.0,5.0,21.0,74.0,45.0,7.0,48.0,64.0,80.0,49.0,17.0,6.0,27.0,19.0,14.0,24.0
140186.0,8.0,22.0,70.0,49.0,7.0,44.0,58.0,73.0,43.0,23.0,10.0,36.0,19.0,17.0,21.0
140187.0,6.0,15.0,79.0,44.0,5.0,51.0,65.0,78.0,52.0,16.0,7.0,26.0,19.0,15.0,22.0
140189.0,8.0,20.0,72.0,49.0,5.0,46.0,62.0,75.0,49.0,18.0,8.0,28.0,20.0,17.0,23.0
140191.0,26.0,30.0,44.0,58.0,19.0,23.0,45.0,61.0,30.0,34.0,19.0,49.0,21.0,20.0,21.0
140200.0,7.0,18.0,75.0,49.0,8.0,43.0,59.0,74.0,44.0,23.0,11.0,36.0,18.0,15.0,20.0
140202.0,9.0,22.0,69.0,49.0,8.0,43.0,59.0,73.0,45.0,22.0,10.0,34.0,19.0,17.0,21.0
140206.0,20.0,29.0,51.0,60.0,17.0,23.0,43.0,60.0,27.0,37.0,22.0,51.0,20.0,18.0,22.0
140208.0,10.0,24.0,66.0,51.0,9.0,40.0,59.0,74.0,43.0,23.0,10.0,37.0,18.0,16.0,20.0
140209.0,12.0,26.0,62.0,53.0,7.0,40.0,57.0,69.0,45.0,25.0,13.0,38.0,18.0,18.0,17.0
140210.0,10.0,25.0,65.0,49.0,7.0,44.0,51.0,65.0,37.0,22.0,10.0,35.0,27.0,25.0,28.0
140211.0,5.0,17.0,78.0,46.0,6.0,48.0,65.0,80.0,51.0,15.0,5.0,24.0,20.0,15.0,25.0
140213.0,5.0,20.0,75.0,46.0,6.0,48.0,63.0,79.0,47.0,18.0,6.0,29.0,19.0,15.0,24.0
140217.0,11.0,26.0,63.0,52.0,10.0,38.0,51.0,70.0,34.0,27.0,16.0,39.0,22.0,14.0,27.0
140223.0,11.0,21.0,68.0,49.0,8.0,43.0,58.0,73.0,44.0,22.0,10.0,34.0,20.0,17.0,22.0
140224.0,8.0,27.0,65.0,51.0,8.0,41.0,55.0,72.0,38.0,22.0,11.0,34.0,23.0,17.0,28.0
140228.0,11.0,26.0,63.0,52.0,8.0,40.0,56.0,69.0,42.0,26.0,13.0,39.0,18.0,18.0,19.0
140231.0,8.0,21.0,71.0,47.0,9.0,44.0,57.0,72.0,41.0,24.0,10.0,38.0,19.0,18.0,21.0
140233.0,10.0,24.0,66.0,50.0,7.0,43.0,58.0,72.0,43.0,22.0,10.0,34.0,20.0,18.0,23.0
140239.0,12.0,22.0,66.0,48.0,9.0,43.0,55.0,69.0,41.0,23.0,12.0,34.0,22.0,19.0,25.0
140242.0,7.0,12.0,81.0,45.0,6.0,49.0,63.0,77.0,49.0,18.0,9.0,28.0,19.0,14.0,23.0
140251.0,42.0,23.0,35.0,48.0,28.0,24.0,39.0,53.0,25.0,41.0,23.0,59.0,20.0,24.0,16.0
140252.0,12.0,22.0,66.0,49.0,8.0,43.0,56.0,70.0,41.0,24.0,11.0,38.0,20.0,19.0,21.0
140258.0,10.0,25.0,65.0,57.0,10.0,33.0,51.0,69.0,34.0,26.0,12.0,39.0,23.0,19.0,27.0
140275.0,15.0,25.0,60.0,55.0,7.0,38.0,55.0,68.0,42.0,25.0,12.0,38.0,20.0,20.0,20.0
140276.0,13.0,22.0,65.0,50.0,8.0,42.0,55.0,70.0,39.0,25.0,11.0,38.0,20.0,19.0,23.0
140280.0,14.0,29.0,57.0,52.0,7.0,41.0,53.0,68.0,38.0,26.0,12.0,41.0,21.0,20.0,21.0
140281.0,5.0,15.0,80.0,41.0,7.0,52.0,62.0,77.0,48.0,19.0,8.0,30.0,19.0,15.0,22.0
140286.0,7.0,20.0,73.0,47.0,4.0,49.0,59.0,75.0,44.0,16.0,6.0,25.0,25.0,19.0,31.0
140288.0,6.0,21.0,73.0,45.0,6.0,49.0,61.0,76.0,46.0,20.0,9.0,32.0,19.0,15.0,22.0
140289.0,8.0,19.0,73.0,47.0,8.0,45.0,67.0,79.0,55.0,16.0,10.0,22.0,17.0,11.0,23.0
140290.0,9.0,24.0,67.0,60.0,9.0,31.0,53.0,69.0,37.0,24.0,11.0,37.0,23.0,20.0,26.0
140291.0,7.0,20.0,73.0,46.0,7.0,47.0,60.0,76.0,45.0,21.0,8.0,33.0,19.0,16.0,22.0
140292.0,17.0,28.0,55.0,53.0,12.0,35.0,47.0,61.0,33.0,28.0,18.0,39.0,25.0,21.0,28.0
140294.0,5.0,18.0,77.0,44.0,7.0,49.0,69.0,79.0,58.0,16.0,3.0,29.0,15.0,18.0,13.0
140300.0,16.0,20.0,64.0,49.0,16.0,35.0,58.0,72.0,45.0,21.0,11.0,30.0,21.0,17.0,25.0
140304.0,15.0,22.0,63.0,45.0,13.0,42.0,55.0,66.0,44.0,26.0,17.0,34.0,19.0,17.0,22.0
141301.0,2.0,8.0,90.0,40.0,2.0,58.0,60.0,75.0,44.0,14.0,3.0,28.0,26.0,22.0,28.0
141302.0,1.0,2.0,97.0,28.0,1.0,71.0,83.0,91.0,74.0,4.0,2.0,8.0,13.0,7.0,18.0
141303.0,13.0,10.0,77.0,47.92933860938384,7.513284341435839,44.55737704918032,84.0,73.75409836065573,46.33945732052007,4.0,10.00423968343697,31.51271905031091,12.0,16.241661955907293,22.14782362916902
141305.0,1.0,16.0,83.0,41.0,3.0,56.0,70.0,81.0,60.0,11.0,5.0,16.0,19.0,14.0,24.0
141306.0,10.0,13.0,77.0,47.92933860938384,7.513284341435839,44.55737704918032,60.0,73.75409836065573,46.33945732052007,12.0,10.00423968343697,31.51271905031091,28.0,16.241661955907293,22.14782362916902
141307.0,2.0,13.0,85.0,41.0,8.0,51.0,70.0,84.0,57.0,14.0,4.0,24.0,16.0,12.0,19.0
141308.0,2.0,24.0,74.0,47.92933860938384,7.513284341435839,44.55737704918032,65.0,73.75409836065573,46.33945732052007,12.0,10.00423968343697,31.51271905031091,23.0,16.241661955907293,22.14782362916902
141309.0,1.0,10.0,89.0,36.0,1.0,63.0,71.0,90.0,49.0,12.0,2.0,24.0,17.0,8.0,27.0
141310.0,6.0,15.0,79.0,45.0,4.0,51.0,65.0,76.0,53.0,21.0,12.0,30.0,14.0,12.0,17.0
141311.0,10.0,21.0,69.0,50.0,13.0,37.0,56.0,65.0,48.0,24.0,16.0,32.0,20.0,19.0,20.0
141312.0,6.0,18.0,76.0,49.0,6.0,45.0,58.0,75.0,42.0,22.0,8.0,35.0,20.0,17.0,23.0
141315.0,2.0,20.0,78.0,42.0,4.0,54.0,77.0,89.0,65.0,7.0,1.0,14.0,16.0,10.0,21.0
141316.0,3.0,11.0,86.0,41.0,4.0,55.0,69.0,83.0,55.0,11.0,3.0,19.0,20.0,14.0,26.0
141317.0,3.0,17.0,80.0,35.0,6.0,59.0,53.0,70.0,37.0,22.0,9.0,34.0,25.0,21.0,29.0
141318.0,3.0,16.0,81.0,44.0,4.0,52.0,70.0,88.0,51.0,8.0,5.0,12.0,22.0,7.0,37.0
141319.0,2.0,19.0,79.0,53.0,3.0,44.0,62.0,79.0,46.0,16.0,5.0,27.0,22.0,16.0,27.0
141320.0,6.0,21.0,73.0,44.0,4.0,52.0,67.0,78.0,57.0,16.0,9.0,23.0,17.0,13.0,20.0
141322.0,5.0,11.0,84.0,41.0,5.0,54.0,58.0,72.0,45.0,17.0,8.0,25.0,25.0,20.0,30.0
141323.0,7.0,11.0,82.0,47.92933860938384,7.513284341435839,44.55737704918032,71.0,73.75409836065573,46.33945732052007,8.0,10.00423968343697,31.51271905031091,21.0,16.241661955907293,22.14782362916902
141324.0,2.0,15.0,83.0,44.0,2.0,54.0,69.0,84.0,54.0,10.0,3.0,19.0,21.0,13.0,27.0
141325.0,1.0,16.0,83.0,42.0,1.0,57.0,71.0,83.0,58.0,12.0,2.0,24.0,17.0,15.0,18.0
141326.0,0.0,25.0,75.0,65.0,1.0,34.0,72.0,84.0,59.0,10.0,8.0,14.0,18.0,8.0,27.0
141327.0,1.0,10.0,89.0,41.0,1.0,58.0,78.0,91.0,64.0,9.0,2.0,15.0,13.0,7.0,21.0
141328.0,5.0,22.0,73.0,47.92933860938384,7.513284341435839,44.55737704918032,66.0,73.75409836065573,46.33945732052007,5.0,10.00423968343697,31.51271905031091,29.0,16.241661955907293,22.14782362916902
141331.0,3.0,18.0,79.0,47.92933860938384,7.513284341435839,44.55737704918032,74.0,73.75409836065573,46.33945732052007,15.0,10.00423968343697,31.51271905031091,11.0,16.241661955907293,22.14782362916902
141332.0,1.0,21.0,78.0,42.0,3.0,55.0,68.0,83.0,53.0,12.0,6.0,19.0,20.0,11.0,28.0
141334.0,3.0,10.0,87.0,37.0,4.0,59.0,69.0,81.0,57.0,17.0,6.0,29.0,14.0,13.0,14.0
141335.0,8.0,14.0,78.0,38.0,5.0,57.0,73.0,93.0,52.0,11.0,1.0,21.0,16.0,6.0,27.0
141336.0,3.0,14.0,83.0,47.0,3.0,50.0,66.0,78.0,54.0,14.0,5.0,22.0,20.0,17.0,24.0
141337.0,7.0,20.0,73.0,44.0,6.0,50.0,69.0,85.0,52.0,13.0,6.0,20.0,18.0,9.0,28.0
141338.0,2.0,24.0,74.0,47.92933860938384,7.513284341435839,44.55737704918032,89.0,73.75409836065573,46.33945732052007,1.0,10.00423968343697,31.51271905031091,10.0,16.241661955907293,22.14782362916902
141339.0,2.0,5.0,93.0,47.0,5.0,48.0,62.0,81.0,43.0,13.0,8.0,19.0,25.0,11.0,38.0
141340.0,4.0,16.0,80.0,44.0,2.0,54.0,80.0,91.0,69.0,8.0,4.0,11.0,12.0,5.0,20.0
141341.0,3.0,12.0,85.0,27.0,8.0,65.0,52.0,66.0,38.0,23.0,17.0,29.0,25.0,17.0,33.0
141342.0,9.0,27.0,64.0,54.0,5.0,41.0,70.0,90.0,50.0,12.0,2.0,23.0,18.0,8.0,27.0
141343.0,2.0,15.0,83.0,50.0,2.0,48.0,74.0,81.0,66.0,9.0,6.0,12.0,17.0,13.0,22.0
141344.0,3.0,14.0,83.0,47.92933860938384,7.513284341435839,44.55737704918032,67.0,73.75409836065573,46.33945732052007,10.0,10.00423968343697,31.51271905031091,23.0,16.241661955907293,22.14782362916902
141345.0,7.0,16.0,77.0,41.0,3.0,56.0,61.0,79.0,43.0,14.0,5.0,23.0,25.0,16.0,34.0
141346.0,5.0,17.0,78.0,41.0,4.0,55.0,66.0,82.0,50.0,13.0,0.0,27.0,21.0,18.0,23.0
141347.0,4.0,14.0,82.0,48.0,2.0,50.0,74.0,90.0,57.0,9.0,2.0,17.0,17.0,8.0,26.0
141348.0,2.0,18.0,80.0,50.0,2.0,48.0,67.0,84.0,51.0,14.0,5.0,23.0,19.0,11.0,26.0
141349.0,10.0,17.0,73.0,47.92933860938384,7.513284341435839,44.55737704918032,71.0,73.75409836065573,46.33945732052007,12.0,10.00423968343697,31.51271905031091,17.0,16.241661955907293,22.14782362916902
141350.0,2.0,20.0,78.0,48.0,3.0,49.0,69.0,81.0,56.0,15.0,7.0,23.0,16.0,12.0,21.0
141351.0,4.0,18.0,78.0,60.0,4.0,36.0,60.0,70.0,50.0,14.0,3.0,25.0,26.0,27.0,25.0
150001.0,7.0,17.0,76.0,48.0,7.0,45.0,58.0,73.0,44.0,23.0,11.0,34.0,19.0,16.0,22.0
150002.0,18.0,27.0,55.0,54.0,12.0,34.0,54.0,69.0,39.0,27.0,14.0,40.0,19.0,17.0,21.0
150005.0,4.0,12.0,84.0,43.0,4.0,53.0,62.0,77.0,47.0,19.0,8.0,31.0,19.0,15.0,22.0
150006.0,8.0,21.0,71.0,51.0,8.0,41.0,60.0,73.0,47.0,23.0,13.0,33.0,17.0,14.0,20.0
150007.0,5.0,19.0,76.0,49.0,3.0,48.0,62.0,78.0,47.0,19.0,7.0,31.0,19.0,15.0,22.0
150008.0,11.0,25.0,64.0,54.0,10.0,36.0,57.0,68.0,46.0,27.0,15.0,39.0,16.0,17.0,15.0
150009.0,16.0,29.0,55.0,55.0,10.0,35.0,50.0,64.0,36.0,30.0,15.0,45.0,20.0,21.0,19.0
150010.0,9.0,21.0,70.0,50.0,7.0,43.0,57.0,72.0,41.0,23.0,11.0,34.0,20.0,17.0,25.0
150011.0,11.0,25.0,64.0,51.0,7.0,42.0,54.0,67.0,41.0,25.0,13.0,38.0,21.0,20.0,21.0
150012.0,11.0,22.0,67.0,54.0,7.0,39.0,51.0,66.0,37.0,29.0,15.0,42.0,20.0,19.0,21.0
150015.0,7.0,21.0,72.0,51.0,6.0,43.0,57.0,73.0,41.0,23.0,11.0,35.0,20.0,16.0,24.0
150017.0,11.0,26.0,63.0,53.0,9.0,38.0,50.0,67.0,34.0,27.0,14.0,41.0,23.0,19.0,25.0
150018.0,9.0,24.0,67.0,54.0,7.0,39.0,53.0,68.0,37.0,25.0,12.0,38.0,22.0,20.0,25.0
150021.0,5.0,20.0,75.0,45.0,7.0,48.0,55.0,72.0,39.0,24.0,11.0,35.0,21.0,17.0,26.0
150022.0,6.0,28.0,66.0,49.0,4.0,47.0,64.0,76.0,53.0,18.0,10.0,27.0,18.0,14.0,20.0
150023.0,12.0,23.0,65.0,55.0,6.0,39.0,55.0,70.0,41.0,23.0,11.0,35.0,22.0,19.0,24.0
150024.0,7.0,20.0,73.0,51.0,7.0,42.0,56.0,70.0,43.0,23.0,12.0,35.0,21.0,18.0,22.0
150026.0,5.0,19.0,76.0,50.0,4.0,46.0,57.0,73.0,41.0,21.0,9.0,34.0,22.0,18.0,25.0
150030.0,8.0,16.0,76.0,45.0,6.0,49.0,55.0,66.0,44.0,24.0,14.0,35.0,21.0,20.0,21.0
150034.0,8.0,19.0,73.0,48.0,7.0,45.0,58.0,75.0,40.0,23.0,9.0,36.0,19.0,16.0,24.0
150035.0,13.0,28.0,59.0,55.0,10.0,35.0,53.0,67.0,38.0,26.0,13.0,38.0,21.0,20.0,24.0
150037.0,5.0,20.0,75.0,43.0,5.0,52.0,57.0,73.0,40.0,20.0,8.0,32.0,23.0,19.0,28.0
150042.0,9.0,22.0,69.0,50.0,5.0,45.0,56.0,70.0,42.0,24.0,12.0,36.0,20.0,18.0,22.0
150044.0,8.0,21.0,71.0,45.0,8.0,47.0,55.0,69.0,41.0,24.0,10.0,37.0,21.0,21.0,22.0
150045.0,4.0,20.0,76.0,51.0,6.0,43.0,56.0,75.0,38.0,18.0,6.0,30.0,26.0,19.0,32.0
150046.0,13.0,19.0,68.0,49.0,8.0,43.0,56.0,66.0,46.0,22.0,12.0,32.0,22.0,22.0,22.0
150047.0,2.0,15.0,83.0,51.0,3.0,46.0,72.0,87.0,57.0,15.0,4.0,26.0,13.0,9.0,17.0
150048.0,11.0,24.0,65.0,57.0,6.0,37.0,52.0,64.0,41.0,25.0,13.0,36.0,23.0,23.0,23.0
150051.0,13.0,22.0,65.0,48.0,7.0,45.0,51.0,66.0,37.0,31.0,20.0,42.0,18.0,14.0,21.0
150056.0,14.0,24.0,62.0,45.0,9.0,46.0,53.0,67.0,39.0,29.0,15.0,42.0,18.0,18.0,19.0
150057.0,7.0,14.0,79.0,45.0,6.0,49.0,62.0,77.0,47.0,20.0,10.0,30.0,18.0,13.0,23.0
150058.0,7.0,24.0,69.0,48.0,7.0,45.0,56.0,72.0,39.0,23.0,8.0,37.0,21.0,20.0,24.0
150059.0,6.0,14.0,80.0,48.0,5.0,47.0,59.0,75.0,42.0,21.0,10.0,31.0,20.0,15.0,27.0
150061.0,6.0,26.0,68.0,56.0,8.0,36.0,58.0,73.0,44.0,23.0,9.0,37.0,19.0,18.0,19.0
150065.0,8.0,17.0,75.0,53.0,7.0,40.0,57.0,73.0,41.0,21.0,9.0,33.0,22.0,18.0,26.0
150069.0,9.0,20.0,71.0,49.0,3.0,48.0,61.0,74.0,47.0,20.0,9.0,32.0,19.0,17.0,21.0
150072.0,5.0,19.0,76.0,56.0,5.0,39.0,61.0,76.0,46.0,16.0,9.0,23.0,23.0,15.0,31.0
150074.0,5.0,15.0,80.0,42.0,7.0,51.0,60.0,75.0,46.0,21.0,9.0,33.0,19.0,16.0,21.0
150075.0,6.0,18.0,76.0,50.0,4.0,46.0,58.0,72.0,45.0,19.0,7.0,30.0,23.0,21.0,25.0
150076.0,8.0,19.0,73.0,50.0,5.0,45.0,56.0,68.0,44.0,23.0,12.0,35.0,21.0,20.0,21.0
150082.0,9.0,20.0,71.0,52.0,7.0,41.0,57.0,73.0,41.0,22.0,10.0,34.0,21.0,17.0,25.0
150084.0,10.0,23.0,67.0,51.0,9.0,40.0,50.0,66.0,34.0,28.0,15.0,41.0,22.0,19.0,25.0
150086.0,5.0,19.0,76.0,49.0,3.0,48.0,67.0,79.0,54.0,14.0,5.0,23.0,19.0,16.0,23.0
150088.0,10.0,22.0,68.0,49.0,7.0,44.0,53.0,69.0,38.0,28.0,16.0,40.0,19.0,15.0,22.0
150089.0,13.0,27.0,60.0,55.0,8.0,37.0,48.0,65.0,32.0,30.0,16.0,45.0,22.0,19.0,23.0
150090.0,12.0,24.0,64.0,51.0,9.0,40.0,55.0,68.0,42.0,25.0,12.0,38.0,20.0,20.0,20.0
150091.0,4.0,18.0,78.0,50.0,6.0,44.0,56.0,73.0,39.0,18.0,6.0,29.0,26.0,21.0,32.0
150097.0,9.0,20.0,71.0,46.0,6.0,48.0,61.0,77.0,45.0,21.0,10.0,33.0,18.0,13.0,22.0
150100.0,8.0,18.0,74.0,50.0,6.0,44.0,55.0,71.0,39.0,21.0,9.0,32.0,24.0,20.0,29.0
150101.0,2.0,16.0,82.0,46.0,6.0,48.0,59.0,73.0,45.0,18.0,8.0,28.0,23.0,19.0,27.0
150102.0,6.0,14.0,80.0,54.0,2.0,44.0,69.0,81.0,56.0,14.0,8.0,21.0,17.0,11.0,23.0
150104.0,3.0,21.0,76.0,47.0,6.0,47.0,63.0,76.0,51.0,21.0,10.0,31.0,16.0,14.0,18.0
150109.0,6.0,21.0,73.0,50.0,6.0,44.0,55.0,67.0,42.0,22.0,12.0,32.0,23.0,21.0,26.0
150112.0,7.0,25.0,68.0,49.0,7.0,44.0,54.0,71.0,37.0,23.0,10.0,35.0,23.0,19.0,28.0
150113.0,6.0,18.0,76.0,47.0,4.0,49.0,57.0,71.0,43.0,20.0,8.0,33.0,23.0,21.0,24.0
150115.0,4.0,16.0,80.0,47.0,2.0,51.0,66.0,79.0,53.0,14.0,5.0,23.0,20.0,16.0,24.0
150125.0,9.0,19.0,72.0,46.0,8.0,46.0,57.0,72.0,43.0,23.0,11.0,36.0,20.0,17.0,21.0
150126.0,10.0,23.0,67.0,48.0,6.0,46.0,57.0,70.0,43.0,23.0,10.0,35.0,20.0,20.0,22.0
150128.0,6.0,23.0,71.0,47.0,6.0,47.0,63.0,79.0,48.0,20.0,7.0,33.0,17.0,14.0,19.0
150133.0,10.0,22.0,68.0,52.0,8.0,40.0,51.0,65.0,37.0,25.0,12.0,38.0,24.0,23.0,25.0
150146.0,6.0,18.0,76.0,51.0,7.0,42.0,55.0,74.0,37.0,20.0,8.0,33.0,25.0,18.0,30.0
150149.0,4.0,9.0,87.0,37.0,5.0,58.0,62.0,78.0,46.0,19.0,7.0,30.0,19.0,15.0,24.0
150150.0,6.0,22.0,72.0,47.0,7.0,46.0,57.0,75.0,40.0,24.0,10.0,38.0,19.0,15.0,22.0
150153.0,3.0,12.0,85.0,43.0,6.0,51.0,59.0,75.0,42.0,19.0,7.0,30.0,22.0,18.0,28.0
150157.0,9.0,19.0,72.0,48.0,8.0,44.0,59.0,73.0,44.0,22.0,10.0,33.0,19.0,17.0,23.0
150158.0,8.0,20.0,72.0,46.0,7.0,47.0,52.0,67.0,38.0,28.0,14.0,42.0,20.0,19.0,20.0
150160.0,3.0,9.0,88.0,36.0,3.0,61.0,76.0,89.0,63.0,11.0,3.0,18.0,13.0,8.0,19.0
150161.0,9.0,22.0,69.0,47.0,7.0,46.0,51.0,67.0,36.0,30.0,14.0,45.0,19.0,19.0,19.0
150162.0,8.0,19.0,73.0,49.0,6.0,45.0,52.0,67.0,37.0,25.0,11.0,39.0,23.0,22.0,24.0
150165.0,6.0,19.0,75.0,49.0,7.0,44.0,63.0,74.0,53.0,18.0,10.0,26.0,19.0,16.0,21.0
150166.0,4.0,15.0,81.0,44.0,6.0,50.0,69.0,83.0,55.0,14.0,5.0,24.0,17.0,12.0,21.0
150167.0,4.0,13.0,83.0,33.0,6.0,61.0,57.0,73.0,42.0,22.0,13.0,31.0,21.0,14.0,27.0
150168.0,6.0,20.0,74.0,47.0,8.0,45.0,64.0,77.0,50.0,17.0,7.0,26.0,19.0,16.0,24.0
150169.0,6.0,24.0,70.0,46.0,4.0,50.0,56.0,72.0,40.0,25.0,10.0,39.0,19.0,18.0,21.0
150172.0,3.0,12.0,85.0,36.0,6.0,58.0,59.0,80.0,38.0,22.0,8.0,36.0,19.0,12.0,26.0
150173.0,9.0,20.0,71.0,50.0,7.0,43.0,51.0,67.0,36.0,26.0,13.0,40.0,23.0,20.0,24.0
150177.0,3.0,11.0,86.0,41.0,3.0,56.0,77.0,91.0,63.0,16.0,5.0,26.0,7.0,4.0,11.0
150181.0,3.0,18.0,79.0,52.0,4.0,44.0,63.0,78.0,47.0,19.0,9.0,27.0,18.0,13.0,26.0
150183.0,7.0,15.0,78.0,45.0,7.0,48.0,60.0,76.0,44.0,22.0,10.0,33.0,18.0,14.0,23.0
150193.0,4.0,6.0,90.0,28.0,4.0,68.0,74.0,80.0,68.0,12.0,1.0,24.0,14.0,19.0,8.0
151300.0,6.0,15.0,79.0,42.0,6.0,52.0,61.0,74.0,48.0,22.0,7.0,37.0,17.0,19.0,15.0
151304.0,0.0,16.0,84.0,34.0,3.0,63.0,65.0,79.0,51.0,14.0,4.0,25.0,21.0,17.0,24.0
151305.0,6.0,21.0,73.0,51.0,12.0,37.0,64.0,81.0,46.0,15.0,4.0,27.0,21.0,15.0,27.0
151310.0,1.0,16.0,83.0,48.0,4.0,48.0,56.0,76.0,36.0,20.0,8.0,31.0,24.0,16.0,33.0
151313.0,3.0,13.0,84.0,44.0,5.0,51.0,72.0,80.0,65.0,13.0,9.0,17.0,15.0,11.0,18.0
151315.0,5.0,20.0,75.0,53.0,6.0,41.0,65.0,74.0,56.0,17.0,10.0,25.0,18.0,16.0,19.0
151317.0,4.0,15.0,81.0,48.0,2.0,50.0,62.0,73.0,52.0,13.0,5.0,21.0,25.0,22.0,27.0
151318.0,6.0,19.0,75.0,48.0,9.0,43.0,62.0,79.0,46.0,22.0,9.0,34.0,16.0,12.0,20.0
151319.0,1.0,37.0,62.0,47.92933860938384,7.513284341435839,44.55737704918032,61.0,73.75409836065573,46.33945732052007,16.0,10.00423968343697,31.51271905031091,23.0,16.241661955907293,22.14782362916902
151322.0,4.0,21.0,75.0,43.0,8.0,49.0,65.0,83.0,48.0,15.0,3.0,28.0,20.0,14.0,24.0
151323.0,4.0,10.0,86.0,41.0,5.0,54.0,57.0,68.0,46.0,17.0,11.0,23.0,26.0,21.0,31.0
151324.0,8.0,27.0,65.0,57.0,6.0,37.0,63.0,72.0,55.0,14.0,7.0,21.0,23.0,21.0,24.0
151327.0,2.0,13.0,85.0,44.0,0.0,56.0,65.0,71.0,58.0,9.0,1.0,17.0,26.0,28.0,25.0
151329.0,8.0,16.0,76.0,46.0,8.0,46.0,66.0,79.0,53.0,21.0,10.0,32.0,13.0,11.0,15.0
151330.0,4.0,20.0,76.0,48.0,4.0,48.0,58.0,71.0,45.0,16.0,6.0,25.0,26.0,23.0,30.0
151331.0,3.0,16.0,81.0,47.0,5.0,48.0,66.0,80.0,52.0,18.0,6.0,29.0,16.0,14.0,19.0
151332.0,5.0,20.0,75.0,47.0,4.0,49.0,61.0,78.0,45.0,17.0,8.0,27.0,22.0,14.0,28.0
151333.0,7.0,20.0,73.0,41.0,4.0,55.0,58.0,76.0,40.0,24.0,14.0,33.0,18.0,10.0,27.0
151334.0,11.0,27.0,62.0,44.0,14.0,42.0,47.0,56.0,38.0,28.0,21.0,35.0,25.0,23.0,27.0
160001.0,8.0,16.0,76.0,54.0,3.0,43.0,57.0,71.0,44.0,18.0,9.0,27.0,25.0,20.0,29.0
160013.0,6.0,33.0,61.0,57.0,6.0,37.0,54.0,68.0,40.0,21.0,10.0,32.0,25.0,22.0,28.0
160016.0,8.0,25.0,67.0,53.0,3.0,44.0,58.0,72.0,45.0,20.0,9.0,30.0,22.0,19.0,25.0
160028.0,9.0,23.0,68.0,52.0,7.0,41.0,61.0,75.0,48.0,20.0,10.0,30.0,19.0,15.0,22.0
160029.0,8.0,23.0,69.0,53.0,8.0,39.0,55.0,68.0,42.0,22.0,11.0,34.0,23.0,21.0,24.0
160030.0,4.0,17.0,79.0,47.0,5.0,48.0,62.0,78.0,46.0,18.0,7.0,29.0,20.0,15.0,25.0
160032.0,14.0,16.0,70.0,44.0,8.0,48.0,57.0,74.0,40.0,25.0,11.0,38.0,18.0,15.0,22.0
160033.0,13.0,25.0,62.0,53.0,9.0,38.0,56.0,70.0,43.0,23.0,11.0,36.0,21.0,19.0,21.0
160040.0,4.0,23.0,73.0,39.0,6.0,55.0,70.0,81.0,59.0,13.0,8.0,19.0,17.0,11.0,22.0
160045.0,4.0,20.0,76.0,52.0,4.0,44.0,57.0,71.0,44.0,22.0,11.0,33.0,21.0,18.0,23.0
160047.0,4.0,16.0,80.0,46.0,4.0,50.0,62.0,76.0,47.0,17.0,7.0,26.0,21.0,17.0,27.0
160057.0,12.0,28.0,60.0,55.0,7.0,38.0,52.0,65.0,39.0,25.0,15.0,34.0,23.0,20.0,27.0
160058.0,9.0,23.0,68.0,47.0,6.0,47.0,57.0,70.0,45.0,22.0,12.0,32.0,21.0,18.0,23.0
160064.0,7.0,26.0,67.0,52.0,6.0,42.0,57.0,71.0,43.0,20.0,10.0,30.0,23.0,19.0,27.0
160067.0,13.0,18.0,69.0,46.0,8.0,46.0,54.0,67.0,40.0,25.0,12.0,39.0,21.0,21.0,21.0
160069.0,6.0,20.0,74.0,45.0,4.0,51.0,59.0,72.0,47.0,18.0,7.0,29.0,23.0,21.0,24.0
160079.0,7.0,21.0,72.0,50.0,6.0,44.0,56.0,69.0,44.0,22.0,11.0,34.0,22.0,20.0,22.0
160080.0,5.0,23.0,72.0,52.0,4.0,44.0,62.0,77.0,46.0,17.0,6.0,28.0,21.0,17.0,26.0
160082.0,8.0,21.0,71.0,51.0,7.0,42.0,50.0,66.0,34.0,28.0,14.0,43.0,22.0,20.0,23.0
160083.0,11.0,25.0,64.0,55.0,7.0,38.0,50.0,64.0,35.0,27.0,14.0,39.0,23.0,22.0,26.0
160089.0,26.0,33.0,41.0,58.0,15.0,27.0,47.0,59.0,34.0,33.0,21.0,46.0,20.0,20.0,20.0
160101.0,7.0,18.0,75.0,40.0,6.0,54.0,62.0,75.0,50.0,21.0,10.0,33.0,17.0,15.0,17.0
160104.0,9.0,24.0,67.0,52.0,8.0,40.0,60.0,73.0,48.0,23.0,11.0,34.0,17.0,16.0,18.0
160110.0,5.0,22.0,73.0,52.0,6.0,42.0,57.0,70.0,43.0,22.0,11.0,33.0,21.0,19.0,24.0
160112.0,4.0,15.0,81.0,46.0,3.0,51.0,65.0,74.0,56.0,14.0,6.0,22.0,21.0,20.0,22.0
160117.0,5.0,20.0,75.0,50.0,5.0,45.0,61.0,74.0,48.0,19.0,10.0,29.0,20.0,16.0,23.0
160124.0,4.0,15.0,81.0,45.0,2.0,53.0,62.0,77.0,47.0,17.0,5.0,28.0,21.0,18.0,25.0
160146.0,12.0,25.0,63.0,56.0,6.0,38.0,52.0,66.0,39.0,24.0,11.0,36.0,24.0,23.0,25.0
160147.0,4.0,19.0,77.0,51.0,5.0,44.0,63.0,75.0,51.0,12.0,3.0,21.0,25.0,22.0,28.0
160153.0,18.0,28.0,54.0,54.0,11.0,35.0,48.0,62.0,35.0,30.0,17.0,44.0,22.0,21.0,21.0
161301.0,2.0,9.0,89.0,33.0,4.0,63.0,78.0,87.0,69.0,11.0,7.0,14.0,11.0,6.0,17.0
161302.0,5.0,15.0,80.0,38.0,4.0,58.0,63.0,72.0,53.0,16.0,9.0,23.0,21.0,19.0,24.0
161303.0,2.0,3.0,95.0,47.92933860938384,7.513284341435839,44.55737704918032,77.0,73.75409836065573,46.33945732052007,11.0,10.00423968343697,31.51271905031091,12.0,16.241661955907293,22.14782362916902
161304.0,2.0,2.0,96.0,47.92933860938384,7.513284341435839,44.55737704918032,85.0,73.75409836065573,46.33945732052007,10.0,10.00423968343697,31.51271905031091,5.0,16.241661955907293,22.14782362916902
161306.0,3.0,9.0,88.0,30.0,1.0,69.0,67.0,84.0,50.0,16.0,4.0,28.0,17.0,12.0,22.0
161307.0,3.0,17.0,80.0,48.0,0.0,52.0,61.0,78.0,42.0,8.0,1.0,16.0,31.0,21.0,42.0
161308.0,2.0,6.0,92.0,47.92933860938384,7.513284341435839,44.55737704918032,68.0,73.75409836065573,46.33945732052007,17.0,10.00423968343697,31.51271905031091,15.0,16.241661955907293,22.14782362916902
161309.0,6.0,26.0,68.0,47.92933860938384,7.513284341435839,44.55737704918032,63.0,73.75409836065573,46.33945732052007,29.0,10.00423968343697,31.51271905031091,8.0,16.241661955907293,22.14782362916902
161310.0,5.0,13.0,82.0,39.0,5.0,56.0,70.0,77.0,64.0,16.0,9.0,24.0,14.0,14.0,12.0
161311.0,2.0,11.0,87.0,47.92933860938384,7.513284341435839,44.55737704918032,77.0,73.75409836065573,46.33945732052007,9.0,10.00423968343697,31.51271905031091,14.0,16.241661955907293,22.14782362916902
161312.0,2.0,7.0,91.0,47.92933860938384,7.513284341435839,44.55737704918032,78.0,73.75409836065573,46.33945732052007,1.0,10.00423968343697,31.51271905031091,21.0,16.241661955907293,22.14782362916902
161314.0,2.0,25.0,73.0,47.92933860938384,7.513284341435839,44.55737704918032,66.0,73.75409836065573,46.33945732052007,11.0,10.00423968343697,31.51271905031091,23.0,16.241661955907293,22.14782362916902
161316.0,5.0,19.0,76.0,52.0,2.0,46.0,68.0,76.0,60.0,11.0,7.0,16.0,21.0,17.0,24.0
161317.0,2.0,19.0,79.0,47.0,2.0,51.0,70.0,84.0,55.0,15.0,7.0,23.0,15.0,9.0,22.0
161318.0,0.0,10.0,90.0,44.0,1.0,55.0,73.0,84.0,61.0,13.0,7.0,19.0,14.0,9.0,20.0
161319.0,3.0,10.0,87.0,47.92933860938384,7.513284341435839,44.55737704918032,80.0,73.75409836065573,46.33945732052007,4.0,10.00423968343697,31.51271905031091,16.0,16.241661955907293,22.14782362916902
161323.0,3.0,16.0,81.0,62.0,2.0,36.0,71.0,75.0,63.0,20.0,15.0,26.0,9.0,10.0,11.0
161325.0,6.0,17.0,77.0,47.92933860938384,7.513284341435839,44.55737704918032,61.0,73.75409836065573,46.33945732052007,28.0,10.00423968343697,31.51271905031091,11.0,16.241661955907293,22.14782362916902
161326.0,1.0,9.0,90.0,31.0,1.0,68.0,75.0,89.0,60.0,9.0,2.0,18.0,16.0,9.0,22.0
161327.0,7.0,15.0,78.0,47.92933860938384,7.513284341435839,44.55737704918032,76.0,73.75409836065573,46.33945732052007,12.0,10.00423968343697,31.51271905031091,12.0,16.241661955907293,22.14782362916902
161328.0,1.0,22.0,77.0,48.0,4.0,48.0,62.0,68.0,56.0,12.0,11.0,14.0,26.0,21.0,30.0
161329.0,2.0,6.0,92.0,47.92933860938384,7.513284341435839,44.55737704918032,82.0,73.75409836065573,46.33945732052007,7.0,10.00423968343697,31.51271905031091,11.0,16.241661955907293,22.14782362916902
161331.0,5.0,30.0,65.0,47.92933860938384,7.513284341435839,44.55737704918032,69.0,73.75409836065573,46.33945732052007,17.0,10.00423968343697,31.51271905031091,14.0,16.241661955907293,22.14782362916902
161334.0,3.0,15.0,82.0,47.92933860938384,7.513284341435839,44.55737704918032,72.0,73.75409836065573,46.33945732052007,15.0,10.00423968343697,31.51271905031091,13.0,16.241661955907293,22.14782362916902
161335.0,3.0,18.0,79.0,47.92933860938384,7.513284341435839,44.55737704918032,59.0,73.75409836065573,46.33945732052007,17.0,10.00423968343697,31.51271905031091,24.0,16.241661955907293,22.14782362916902
161336.0,5.0,4.0,91.0,47.92933860938384,7.513284341435839,44.55737704918032,65.0,73.75409836065573,46.33945732052007,4.0,10.00423968343697,31.51271905031091,31.0,16.241661955907293,22.14782362916902
161337.0,2.0,12.0,86.0,47.92933860938384,7.513284341435839,44.55737704918032,71.0,73.75409836065573,46.33945732052007,15.0,10.00423968343697,31.51271905031091,14.0,16.241661955907293,22.14782362916902
161338.0,4.0,31.0,65.0,47.92933860938384,7.513284341435839,44.55737704918032,64.0,73.75409836065573,46.33945732052007,20.0,10.00423968343697,31.51271905031091,16.0,16.241661955907293,22.14782362916902
161339.0,3.0,18.0,79.0,49.0,4.0,47.0,62.0,80.0,45.0,14.0,4.0,24.0,24.0,16.0,31.0
161340.0,0.0,12.0,88.0,47.92933860938384,7.513284341435839,44.55737704918032,80.0,73.75409836065573,46.33945732052007,4.0,10.00423968343697,31.51271905031091,16.0,16.241661955907293,22.14782362916902
161341.0,6.0,20.0,74.0,47.92933860938384,7.513284341435839,44.55737704918032,77.0,73.75409836065573,46.33945732052007,2.0,10.00423968343697,31.51271905031091,21.0,16.241661955907293,22.14782362916902
161343.0,3.0,13.0,84.0,41.0,2.0,57.0,67.0,76.0,59.0,12.0,4.0,20.0,21.0,20.0,21.0
161344.0,2.0,12.0,86.0,37.0,8.0,55.0,71.0,87.0,55.0,11.0,1.0,24.0,18.0,12.0,21.0
161346.0,2.0,14.0,84.0,43.0,3.0,54.0,58.0,68.0,47.0,16.0,4.0,27.0,26.0,28.0,26.0
161347.0,3.0,13.0,84.0,42.0,7.0,51.0,67.0,77.0,57.0,15.0,7.0,23.0,18.0,16.0,20.0
161348.0,2.0,10.0,88.0,53.0,1.0,46.0,69.0,87.0,49.0,15.0,4.0,27.0,16.0,9.0,24.0
161349.0,5.0,12.0,83.0,39.0,8.0,53.0,64.0,75.0,54.0,10.0,6.0,15.0,26.0,19.0,31.0
161350.0,0.0,17.0,83.0,41.0,3.0,56.0,74.0,88.0,60.0,12.0,4.0,19.0,14.0,8.0,21.0
161351.0,6.0,11.0,83.0,37.0,7.0,56.0,66.0,78.0,55.0,11.0,3.0,19.0,23.0,19.0,26.0
161352.0,3.0,14.0,83.0,47.0,6.0,47.0,59.0,78.0,42.0,21.0,8.0,34.0,20.0,14.0,24.0
161353.0,5.0,14.0,81.0,50.0,4.0,46.0,71.0,82.0,60.0,14.0,7.0,21.0,15.0,11.0,19.0
161355.0,3.0,22.0,75.0,44.0,4.0,52.0,71.0,82.0,60.0,14.0,7.0,21.0,15.0,11.0,19.0
161356.0,5.0,30.0,65.0,48.0,6.0,46.0,63.0,74.0,51.0,19.0,11.0,27.0,18.0,15.0,22.0
161357.0,0.0,13.0,87.0,47.92933860938384,7.513284341435839,44.55737704918032,59.0,73.75409836065573,46.33945732052007,21.0,10.00423968343697,31.51271905031091,20.0,16.241661955907293,22.14782362916902
161358.0,2.0,14.0,84.0,47.92933860938384,7.513284341435839,44.55737704918032,80.0,73.75409836065573,46.33945732052007,9.0,10.00423968343697,31.51271905031091,11.0,16.241661955907293,22.14782362916902
161359.0,4.0,20.0,76.0,45.0,4.0,51.0,58.0,76.0,41.0,12.0,4.0,22.0,30.0,20.0,37.0
161360.0,2.0,4.0,94.0,33.0,1.0,66.0,72.0,84.0,60.0,11.0,3.0,19.0,17.0,13.0,21.0
161361.0,2.0,14.0,84.0,47.0,4.0,49.0,65.0,73.0,56.0,14.0,6.0,23.0,21.0,21.0,21.0
161362.0,8.0,16.0,76.0,57.0,2.0,41.0,69.0,84.0,52.0,16.0,7.0,26.0,15.0,9.0,22.0
161363.0,4.0,17.0,79.0,41.0,6.0,53.0,72.0,81.0,64.0,6.0,4.0,10.0,22.0,15.0,26.0
161364.0,5.0,21.0,74.0,43.0,7.0,50.0,60.0,74.0,47.0,17.0,7.0,27.0,23.0,19.0,26.0
161365.0,5.0,16.0,79.0,45.0,3.0,52.0,67.0,81.0,53.0,19.0,10.0,27.0,14.0,9.0,20.0
161366.0,4.0,20.0,76.0,47.92933860938384,7.513284341435839,44.55737704918032,74.0,73.75409836065573,46.33945732052007,9.0,10.00423968343697,31.51271905031091,17.0,16.241661955907293,22.14782362916902
161367.0,3.0,14.0,83.0,48.0,3.0,49.0,62.0,75.0,49.0,18.0,8.0,28.0,20.0,17.0,23.0
161368.0,2.0,10.0,88.0,41.0,2.0,57.0,58.0,76.0,40.0,17.0,3.0,30.0,25.0,21.0,30.0
161369.0,7.0,20.0,73.0,49.0,3.0,48.0,66.0,74.0,57.0,17.0,9.0,25.0,17.0,17.0,18.0
161371.0,2.0,17.0,81.0,44.0,2.0,54.0,70.0,85.0,55.0,14.0,6.0,22.0,16.0,9.0,23.0
161372.0,1.0,19.0,80.0,43.0,6.0,51.0,69.0,84.0,54.0,13.0,5.0,21.0,18.0,11.0,25.0
161373.0,2.0,9.0,89.0,47.92933860938384,7.513284341435839,44.55737704918032,88.0,73.75409836065573,46.33945732052007,5.0,10.00423968343697,31.51271905031091,7.0,16.241661955907293,22.14782362916902
161374.0,3.0,18.0,79.0,42.0,6.0,52.0,63.0,74.0,53.0,11.0,6.0,15.0,26.0,20.0,32.0
161375.0,7.0,9.0,84.0,40.0,3.0,57.0,67.0,80.0,54.0,16.0,9.0,23.0,17.0,11.0,23.0
161376.0,5.0,11.0,84.0,46.0,3.0,51.0,64.0,79.0,49.0,16.0,3.0,28.0,20.0,18.0,23.0
161377.0,4.0,12.0,84.0,52.0,3.0,45.0,68.0,84.0,52.0,14.0,8.0,21.0,18.0,8.0,27.0
161379.0,4.0,17.0,79.0,46.0,4.0,50.0,68.0,83.0,53.0,16.0,6.0,26.0,16.0,11.0,21.0
161380.0,5.0,35.0,60.0,47.92933860938384,7.513284341435839,44.55737704918032,63.0,73.75409836065573,46.33945732052007,8.0,10.00423968343697,31.51271905031091,29.0,16.241661955907293,22.14782362916902
161381.0,8.0,18.0,74.0,42.0,9.0,49.0,57.0,71.0,43.0,32.0,16.0,47.0,11.0,13.0,10.0
170006.0,9.0,20.0,71.0,55.0,6.0,39.0,59.0,73.0,46.0,18.0,10.0,25.0,23.0,17.0,29.0
170009.0,7.0,24.0,69.0,53.0,7.0,40.0,57.0,77.0,37.0,24.0,11.0,38.0,19.0,12.0,25.0
170012.0,9.0,23.0,68.0,52.0,7.0,41.0,57.0,69.0,45.0,22.0,11.0,32.0,21.0,20.0,23.0
170013.0,7.0,21.0,72.0,50.0,7.0,43.0,63.0,77.0,50.0,19.0,11.0,28.0,18.0,12.0,22.0
170014.0,13.0,22.0,65.0,55.0,7.0,38.0,53.0,67.0,38.0,25.0,11.0,39.0,22.0,22.0,23.0
170016.0,12.0,25.0,63.0,53.0,7.0,40.0,53.0,69.0,36.0,26.0,13.0,39.0,21.0,18.0,25.0
170017.0,12.0,14.0,74.0,45.0,8.0,47.0,59.0,73.0,45.0,20.0,11.0,29.0,21.0,16.0,26.0
170020.0,11.0,28.0,61.0,53.0,7.0,40.0,55.0,68.0,42.0,25.0,13.0,38.0,20.0,19.0,20.0
170023.0,15.0,21.0,64.0,54.0,8.0,38.0,53.0,65.0,41.0,25.0,14.0,35.0,22.0,21.0,24.0
170027.0,2.0,11.0,87.0,36.0,5.0,59.0,70.0,81.0,59.0,12.0,7.0,17.0,18.0,12.0,24.0
170040.0,5.0,14.0,81.0,42.0,5.0,53.0,61.0,75.0,47.0,18.0,7.0,29.0,21.0,18.0,24.0
170049.0,7.0,22.0,71.0,48.0,6.0,46.0,61.0,77.0,46.0,21.0,9.0,33.0,18.0,14.0,21.0
170068.0,14.0,28.0,58.0,55.0,11.0,34.0,52.0,65.0,39.0,23.0,10.0,36.0,25.0,25.0,25.0
170074.0,6.0,27.0,67.0,50.0,5.0,45.0,62.0,72.0,52.0,16.0,6.0,25.0,22.0,22.0,23.0
170086.0,6.0,26.0,68.0,52.0,6.0,42.0,56.0,68.0,45.0,21.0,12.0,30.0,23.0,20.0,25.0
170103.0,7.0,17.0,76.0,48.0,6.0,46.0,52.0,68.0,36.0,24.0,11.0,37.0,24.0,21.0,27.0
170104.0,8.0,18.0,74.0,46.0,7.0,47.0,58.0,73.0,43.0,22.0,10.0,33.0,20.0,17.0,24.0
170105.0,6.0,25.0,69.0,44.0,6.0,50.0,60.0,78.0,42.0,16.0,8.0,23.0,24.0,14.0,35.0
170109.0,4.0,11.0,85.0,50.0,7.0,43.0,60.0,71.0,50.0,19.0,7.0,30.0,21.0,22.0,20.0
170120.0,8.0,21.0,71.0,44.0,6.0,50.0,59.0,68.0,50.0,22.0,11.0,33.0,19.0,21.0,17.0
170122.0,11.0,23.0,66.0,52.0,7.0,41.0,53.0,68.0,38.0,24.0,12.0,36.0,23.0,20.0,26.0
170123.0,13.0,25.0,62.0,50.0,10.0,40.0,54.0,69.0,40.0,25.0,11.0,38.0,21.0,20.0,22.0
170137.0,7.0,19.0,74.0,48.0,4.0,48.0,61.0,75.0,47.0,19.0,9.0,29.0,20.0,16.0,24.0
170142.0,7.0,23.0,70.0,48.0,7.0,45.0,60.0,75.0,44.0,19.0,8.0,31.0,21.0,17.0,25.0
170146.0,8.0,24.0,68.0,48.0,11.0,41.0,56.0,73.0,39.0,21.0,6.0,34.0,23.0,21.0,27.0
170175.0,10.0,29.0,61.0,56.0,9.0,35.0,56.0,69.0,43.0,19.0,13.0,25.0,25.0,18.0,32.0
170176.0,14.0,19.0,67.0,49.0,11.0,40.0,54.0,68.0,41.0,25.0,13.0,37.0,21.0,19.0,22.0
170182.0,9.0,21.0,70.0,47.0,8.0,45.0,58.0,73.0,43.0,24.0,10.0,38.0,18.0,17.0,19.0
170183.0,4.0,13.0,83.0,30.0,4.0,66.0,68.0,77.0,58.0,14.0,3.0,24.0,18.0,20.0,18.0
170185.0,5.0,19.0,76.0,47.0,5.0,48.0,58.0,72.0,45.0,22.0,10.0,34.0,20.0,18.0,21.0
170186.0,2.0,10.0,88.0,46.0,4.0,50.0,66.0,80.0,53.0,14.0,4.0,25.0,20.0,16.0,22.0
170187.0,2.0,7.0,91.0,35.0,3.0,62.0,77.0,90.0,63.0,8.0,2.0,14.0,15.0,8.0,23.0
170188.0,3.0,4.0,93.0,27.0,4.0,69.0,78.0,90.0,65.0,11.0,3.0,18.0,11.0,7.0,17.0
170190.0,1.0,11.0,88.0,43.0,3.0,54.0,66.0,81.0,51.0,17.0,5.0,28.0,17.0,14.0,21.0
170191.0,12.0,23.0,65.0,53.0,3.0,44.0,59.0,70.0,47.0,23.0,9.0,37.0,18.0,21.0,16.0
170194.0,4.0,16.0,80.0,39.0,4.0,57.0,62.0,80.0,44.0,15.0,8.0,22.0,23.0,12.0,34.0
170196.0,6.0,14.0,80.0,39.0,6.0,55.0,66.0,81.0,50.0,15.0,6.0,23.0,19.0,13.0,27.0
170197.0,7.0,18.0,75.0,46.0,9.0,45.0,58.0,72.0,45.0,19.0,8.0,30.0,23.0,20.0,25.0
170198.0,7.0,13.0,80.0,41.0,4.0,55.0,55.0,72.0,40.0,25.0,10.0,40.0,20.0,18.0,20.0
170199.0,1.0,22.0,77.0,47.92933860938384,7.513284341435839,44.55737704918032,80.0,73.75409836065573,46.33945732052007,6.0,10.00423968343697,31.51271905031091,14.0,16.241661955907293,22.14782362916902
170200.0,4.0,21.0,75.0,50.0,7.0,43.0,54.0,68.0,39.0,26.0,11.0,40.0,20.0,21.0,21.0
170203.0,2.0,7.0,91.0,39.0,1.0,60.0,76.0,90.0,63.0,11.0,2.0,20.0,13.0,8.0,17.0
170204.0,4.0,14.0,82.0,45.0,4.0,51.0,69.0,79.0,58.0,17.0,6.0,27.0,14.0,15.0,15.0
171311.0,5.0,9.0,86.0,47.92933860938384,7.513284341435839,44.55737704918032,70.0,73.75409836065573,46.33945732052007,14.0,10.00423968343697,31.51271905031091,16.0,16.241661955907293,22.14782362916902
171313.0,3.0,17.0,80.0,47.92933860938384,7.513284341435839,44.55737704918032,64.0,73.75409836065573,46.33945732052007,28.0,10.00423968343697,31.51271905031091,8.0,16.241661955907293,22.14782362916902
171315.0,0.0,4.0,96.0,35.0,1.0,64.0,82.0,87.0,76.0,1.0,0.0,2.0,17.0,13.0,22.0
171316.0,6.0,12.0,82.0,47.92933860938384,7.513284341435839,44.55737704918032,54.0,73.75409836065573,46.33945732052007,15.0,10.00423968343697,31.51271905031091,31.0,16.241661955907293,22.14782362916902
171318.0,10.0,35.0,55.0,47.92933860938384,7.513284341435839,44.55737704918032,50.0,73.75409836065573,46.33945732052007,32.0,10.00423968343697,31.51271905031091,18.0,16.241661955907293,22.14782362916902
171319.0,1.0,18.0,81.0,47.92933860938384,7.513284341435839,44.55737704918032,78.0,73.75409836065573,46.33945732052007,5.0,10.00423968343697,31.51271905031091,17.0,16.241661955907293,22.14782362916902
171321.0,1.0,10.0,89.0,47.92933860938384,7.513284341435839,44.55737704918032,76.0,73.75409836065573,46.33945732052007,8.0,10.00423968343697,31.51271905031091,16.0,16.241661955907293,22.14782362916902
171326.0,7.0,14.0,79.0,47.92933860938384,7.513284341435839,44.55737704918032,59.0,73.75409836065573,46.33945732052007,20.0,10.00423968343697,31.51271905031091,21.0,16.241661955907293,22.14782362916902
171327.0,5.0,14.0,81.0,47.92933860938384,7.513284341435839,44.55737704918032,72.0,73.75409836065573,46.33945732052007,12.0,10.00423968343697,31.51271905031091,16.0,16.241661955907293,22.14782362916902
171328.0,3.0,17.0,80.0,47.92933860938384,7.513284341435839,44.55737704918032,72.0,73.75409836065573,46.33945732052007,14.0,10.00423968343697,31.51271905031091,14.0,16.241661955907293,22.14782362916902
171329.0,0.0,7.0,93.0,47.92933860938384,7.513284341435839,44.55737704918032,80.0,73.75409836065573,46.33945732052007,10.0,10.00423968343697,31.51271905031091,10.0,16.241661955907293,22.14782362916902
171330.0,3.0,11.0,86.0,37.0,3.0,60.0,78.0,97.0,58.0,10.0,1.0,19.0,12.0,2.0,23.0
171333.0,2.0,11.0,87.0,48.0,4.0,48.0,66.0,81.0,52.0,14.0,6.0,22.0,20.0,13.0,26.0
171335.0,2.0,11.0,87.0,47.92933860938384,7.513284341435839,44.55737704918032,59.0,73.75409836065573,46.33945732052007,9.0,10.00423968343697,31.51271905031091,32.0,16.241661955907293,22.14782362916902
171338.0,2.0,14.0,84.0,39.0,0.0,61.0,80.0,90.0,69.0,5.0,2.0,10.0,15.0,8.0,21.0
171339.0,8.0,13.0,79.0,47.92933860938384,7.513284341435839,44.55737704918032,73.0,73.75409836065573,46.33945732052007,14.0,10.00423968343697,31.51271905031091,13.0,16.241661955907293,22.14782362916902
171341.0,7.0,23.0,70.0,46.0,4.0,50.0,69.0,81.0,57.0,18.0,8.0,27.0,13.0,11.0,16.0
171346.0,2.0,14.0,84.0,47.92933860938384,7.513284341435839,44.55737704918032,74.0,73.75409836065573,46.33945732052007,11.0,10.00423968343697,31.51271905031091,15.0,16.241661955907293,22.14782362916902
171347.0,0.0,4.0,96.0,44.0,2.0,54.0,78.0,88.0,66.0,10.0,3.0,19.0,12.0,9.0,15.0
171348.0,18.0,29.0,53.0,47.92933860938384,7.513284341435839,44.55737704918032,47.0,73.75409836065573,46.33945732052007,31.0,10.00423968343697,31.51271905031091,22.0,16.241661955907293,22.14782362916902
171349.0,0.0,14.0,86.0,47.92933860938384,7.513284341435839,44.55737704918032,41.0,73.75409836065573,46.33945732052007,12.0,10.00423968343697,31.51271905031091,47.0,16.241661955907293,22.14782362916902
171350.0,3.0,17.0,80.0,47.92933860938384,7.513284341435839,44.55737704918032,67.0,73.75409836065573,46.33945732052007,9.0,10.00423968343697,31.51271905031091,24.0,16.241661955907293,22.14782362916902
171352.0,4.0,28.0,68.0,47.92933860938384,7.513284341435839,44.55737704918032,68.0,73.75409836065573,46.33945732052007,5.0,10.00423968343697,31.51271905031091,27.0,16.241661955907293,22.14782362916902
171353.0,5.0,19.0,76.0,47.92933860938384,7.513284341435839,44.55737704918032,76.0,73.75409836065573,46.33945732052007,8.0,10.00423968343697,31.51271905031091,16.0,16.241661955907293,22.14782362916902
171354.0,4.0,10.0,86.0,47.92933860938384,7.513284341435839,44.55737704918032,72.0,73.75409836065573,46.33945732052007,13.0,10.00423968343697,31.51271905031091,15.0,16.241661955907293,22.14782362916902
171358.0,0.0,13.0,87.0,47.92933860938384,7.513284341435839,44.55737704918032,83.0,73.75409836065573,46.33945732052007,7.0,10.00423968343697,31.51271905031091,10.0,16.241661955907293,22.14782362916902
171361.0,3.0,11.0,86.0,53.0,2.0,45.0,68.0,83.0,54.0,8.0,5.0,11.0,24.0,12.0,35.0
171362.0,6.0,22.0,72.0,46.0,5.0,49.0,62.0,73.0,52.0,21.0,12.0,31.0,17.0,15.0,17.0
171363.0,4.0,17.0,79.0,45.0,4.0,51.0,67.0,80.0,54.0,14.0,5.0,22.0,19.0,15.0,24.0
171364.0,0.0,7.0,93.0,47.92933860938384,7.513284341435839,44.55737704918032,52.0,73.75409836065573,46.33945732052007,8.0,10.00423968343697,31.51271905031091,40.0,16.241661955907293,22.14782362916902
171367.0,9.0,6.0,85.0,47.92933860938384,7.513284341435839,44.55737704918032,57.0,73.75409836065573,46.33945732052007,26.0,10.00423968343697,31.51271905031091,17.0,16.241661955907293,22.14782362916902
171369.0,3.0,4.0,93.0,47.92933860938384,7.513284341435839,44.55737704918032,70.0,73.75409836065573,46.33945732052007,5.0,10.00423968343697,31.51271905031091,25.0,16.241661955907293,22.14782362916902
171370.0,7.0,29.0,64.0,45.0,6.0,49.0,73.0,84.0,62.0,13.0,5.0,23.0,14.0,11.0,15.0
171371.0,2.0,13.0,85.0,44.0,5.0,51.0,57.0,70.0,44.0,19.0,11.0,28.0,24.0,19.0,28.0
171372.0,7.0,25.0,68.0,60.0,8.0,32.0,53.0,71.0,34.0,15.0,5.0,25.0,32.0,24.0,41.0
171373.0,6.0,19.0,75.0,48.0,1.0,51.0,79.0,88.0,69.0,14.0,4.0,24.0,7.0,8.0,7.0
171374.0,3.0,19.0,78.0,47.92933860938384,7.513284341435839,44.55737704918032,74.0,73.75409836065573,46.33945732052007,8.0,10.00423968343697,31.51271905031091,18.0,16.241661955907293,22.14782362916902
171375.0,2.0,15.0,83.0,47.0,3.0,50.0,59.0,75.0,42.0,14.0,5.0,22.0,27.0,20.0,36.0
171376.0,0.0,20.0,80.0,47.92933860938384,7.513284341435839,44.55737704918032,63.0,73.75409836065573,46.33945732052007,19.0,10.00423968343697,31.51271905031091,18.0,16.241661955907293,22.14782362916902
171377.0,2.0,4.0,94.0,38.0,2.0,60.0,70.0,86.0,53.0,12.0,1.0,25.0,18.0,13.0,22.0
171378.0,2.0,5.0,93.0,25.0,0.0,75.0,88.0,88.0,87.0,3.0,0.0,8.0,9.0,12.0,5.0
171379.0,2.0,16.0,82.0,47.92933860938384,7.513284341435839,44.55737704918032,67.0,73.75409836065573,46.33945732052007,18.0,10.00423968343697,31.51271905031091,15.0,16.241661955907293,22.14782362916902
171380.0,5.0,19.0,76.0,48.0,1.0,51.0,64.0,77.0,51.0,17.0,11.0,23.0,19.0,12.0,26.0
171381.0,0.0,11.0,89.0,47.92933860938384,7.513284341435839,44.55737704918032,84.0,73.75409836065573,46.33945732052007,3.0,10.00423968343697,31.51271905031091,13.0,16.241661955907293,22.14782362916902
171382.0,5.0,24.0,71.0,46.0,4.0,50.0,67.0,79.0,55.0,14.0,8.0,21.0,19.0,13.0,24.0
171383.0,4.0,25.0,71.0,49.0,9.0,42.0,53.0,67.0,39.0,22.0,9.0,36.0,25.0,24.0,25.0
171384.0,5.0,15.0,80.0,54.0,3.0,43.0,57.0,73.0,41.0,14.0,6.0,23.0,29.0,21.0,36.0
171385.0,0.0,5.0,95.0,35.0,2.0,63.0,71.0,89.0,54.0,7.0,0.0,15.0,22.0,11.0,31.0
180001.0,8.0,21.0,71.0,49.0,7.0,44.0,60.0,72.0,47.0,18.0,9.0,27.0,22.0,19.0,26.0
180002.0,8.0,20.0,72.0,52.0,7.0,41.0,63.0,77.0,49.0,17.0,7.0,26.0,20.0,16.0,25.0
180004.0,4.0,13.0,83.0,49.0,3.0,48.0,61.0,73.0,49.0,16.0,8.0,23.0,23.0,19.0,28.0
180005.0,13.0,21.0,66.0,54.0,8.0,38.0,61.0,74.0,48.0,17.0,10.0,24.0,22.0,16.0,28.0
180009.0,8.0,23.0,69.0,50.0,6.0,44.0,59.0,73.0,44.0,21.0,9.0,32.0,20.0,18.0,24.0
180010.0,18.0,23.0,59.0,53.0,9.0,38.0,53.0,67.0,38.0,28.0,12.0,44.0,19.0,21.0,18.0
180011.0,8.0,20.0,72.0,47.0,8.0,45.0,60.0,73.0,46.0,21.0,10.0,32.0,19.0,17.0,22.0
180012.0,10.0,20.0,70.0,45.0,7.0,48.0,60.0,73.0,47.0,19.0,9.0,30.0,21.0,18.0,23.0
180013.0,10.0,24.0,66.0,55.0,7.0,38.0,56.0,70.0,42.0,24.0,13.0,35.0,20.0,17.0,23.0
180016.0,4.0,16.0,80.0,50.0,5.0,45.0,59.0,73.0,47.0,18.0,11.0,24.0,23.0,16.0,29.0
180017.0,10.0,22.0,68.0,48.0,7.0,45.0,58.0,73.0,43.0,21.0,11.0,31.0,21.0,16.0,26.0
180018.0,10.0,22.0,68.0,42.0,7.0,51.0,67.0,81.0,53.0,17.0,7.0,28.0,16.0,12.0,19.0
180019.0,10.0,27.0,63.0,54.0,6.0,40.0,55.0,68.0,42.0,23.0,13.0,33.0,22.0,19.0,25.0
180020.0,8.0,21.0,71.0,51.0,12.0,37.0,59.0,73.0,45.0,23.0,9.0,36.0,18.0,18.0,19.0
180024.0,6.0,17.0,77.0,49.0,4.0,47.0,65.0,77.0,53.0,13.0,4.0,22.0,22.0,19.0,25.0
180025.0,8.0,22.0,70.0,52.0,7.0,41.0,63.0,77.0,48.0,16.0,5.0,27.0,21.0,18.0,25.0
180027.0,7.0,20.0,73.0,47.0,5.0,48.0,60.0,73.0,47.0,20.0,10.0,29.0,20.0,17.0,24.0
180029.0,9.0,26.0,65.0,53.0,7.0,40.0,61.0,78.0,45.0,19.0,8.0,30.0,20.0,14.0,25.0
180035.0,6.0,18.0,76.0,47.0,5.0,48.0,61.0,75.0,47.0,20.0,9.0,32.0,19.0,16.0,21.0
180038.0,7.0,24.0,69.0,52.0,7.0,41.0,57.0,72.0,43.0,24.0,14.0,33.0,19.0,14.0,24.0
180040.0,14.0,25.0,61.0,49.0,13.0,38.0,49.0,64.0,34.0,29.0,16.0,41.0,22.0,20.0,25.0
180043.0,5.0,15.0,80.0,44.0,5.0,51.0,71.0,76.0,65.0,18.0,14.0,21.0,11.0,10.0,14.0
180044.0,12.0,22.0,66.0,49.0,11.0,40.0,60.0,72.0,48.0,22.0,12.0,32.0,18.0,16.0,20.0
180045.0,9.0,23.0,68.0,51.0,7.0,42.0,59.0,74.0,43.0,23.0,11.0,34.0,18.0,15.0,23.0
180046.0,4.0,28.0,68.0,36.0,1.0,63.0,79.0,91.0,65.0,13.0,5.0,21.0,8.0,4.0,14.0
180048.0,7.0,24.0,69.0,52.0,8.0,40.0,59.0,73.0,46.0,20.0,10.0,30.0,21.0,17.0,24.0
180049.0,5.0,18.0,77.0,45.0,3.0,52.0,70.0,82.0,58.0,14.0,7.0,20.0,16.0,11.0,22.0
180050.0,12.0,24.0,64.0,54.0,11.0,35.0,71.0,84.0,58.0,14.0,7.0,20.0,15.0,9.0,22.0
180051.0,13.0,31.0,56.0,52.0,7.0,41.0,62.0,71.0,53.0,21.0,13.0,30.0,17.0,16.0,17.0
180056.0,11.0,22.0,67.0,50.0,9.0,41.0,58.0,73.0,44.0,22.0,13.0,32.0,20.0,14.0,24.0
180064.0,6.0,20.0,74.0,48.0,4.0,48.0,60.0,70.0,50.0,20.0,13.0,28.0,20.0,17.0,22.0
180066.0,5.0,29.0,66.0,53.0,4.0,43.0,66.0,75.0,57.0,20.0,14.0,26.0,14.0,11.0,17.0
180067.0,7.0,16.0,77.0,41.0,6.0,53.0,64.0,78.0,50.0,18.0,8.0,28.0,18.0,14.0,22.0
180069.0,12.0,19.0,69.0,45.0,8.0,47.0,63.0,77.0,51.0,14.0,7.0,20.0,23.0,16.0,29.0
180070.0,9.0,24.0,67.0,51.0,9.0,40.0,53.0,65.0,42.0,23.0,13.0,32.0,24.0,22.0,26.0
180078.0,4.0,27.0,69.0,54.0,6.0,40.0,60.0,77.0,43.0,20.0,10.0,29.0,20.0,13.0,28.0
180079.0,2.0,17.0,81.0,44.0,3.0,53.0,67.0,76.0,58.0,14.0,5.0,23.0,19.0,19.0,19.0
180080.0,8.0,20.0,72.0,50.0,5.0,45.0,65.0,79.0,51.0,17.0,7.0,26.0,18.0,14.0,23.0
180087.0,8.0,27.0,65.0,51.0,6.0,43.0,58.0,73.0,43.0,15.0,6.0,24.0,27.0,21.0,33.0
180088.0,9.0,21.0,70.0,48.0,7.0,45.0,57.0,74.0,40.0,25.0,11.0,39.0,18.0,15.0,21.0
180092.0,7.0,17.0,76.0,45.0,6.0,49.0,65.0,76.0,53.0,20.0,10.0,29.0,15.0,14.0,18.0
180093.0,7.0,25.0,68.0,50.0,7.0,43.0,57.0,71.0,44.0,22.0,10.0,34.0,21.0,19.0,22.0
180101.0,7.0,21.0,72.0,47.0,7.0,46.0,63.0,75.0,51.0,22.0,11.0,33.0,15.0,14.0,16.0
180102.0,14.0,23.0,63.0,51.0,11.0,38.0,53.0,68.0,38.0,25.0,12.0,39.0,22.0,20.0,23.0
180103.0,5.0,14.0,81.0,45.0,4.0,51.0,60.0,74.0,47.0,20.0,10.0,31.0,20.0,16.0,22.0
180104.0,6.0,17.0,77.0,47.0,6.0,47.0,61.0,76.0,47.0,21.0,10.0,33.0,18.0,14.0,20.0
180105.0,5.0,19.0,76.0,51.0,5.0,44.0,63.0,79.0,46.0,16.0,3.0,29.0,21.0,18.0,25.0
180115.0,5.0,16.0,79.0,40.0,5.0,55.0,76.0,83.0,69.0,10.0,7.0,12.0,14.0,10.0,19.0
180116.0,7.0,25.0,68.0,47.0,10.0,43.0,58.0,71.0,45.0,23.0,12.0,35.0,19.0,17.0,20.0
180124.0,12.0,26.0,62.0,53.0,9.0,38.0,52.0,67.0,37.0,27.0,13.0,40.0,21.0,20.0,23.0
180127.0,13.0,29.0,58.0,54.0,12.0,34.0,53.0,68.0,39.0,28.0,15.0,41.0,19.0,17.0,20.0
180128.0,6.0,17.0,77.0,41.0,3.0,56.0,63.0,73.0,52.0,18.0,8.0,28.0,19.0,19.0,20.0
180130.0,7.0,21.0,72.0,48.0,6.0,46.0,58.0,73.0,43.0,22.0,9.0,34.0,20.0,18.0,23.0
180132.0,16.0,30.0,54.0,56.0,9.0,35.0,53.0,65.0,41.0,28.0,16.0,41.0,19.0,19.0,18.0
180138.0,8.0,14.0,78.0,44.0,6.0,50.0,58.0,72.0,45.0,18.0,9.0,26.0,24.0,19.0,29.0
180139.0,19.0,16.0,65.0,47.0,12.0,41.0,66.0,77.0,55.0,24.0,18.0,31.0,10.0,5.0,14.0
180141.0,14.0,25.0,61.0,53.0,12.0,35.0,50.0,65.0,35.0,26.0,15.0,36.0,24.0,20.0,29.0
180143.0,11.0,24.0,65.0,49.0,9.0,42.0,51.0,63.0,38.0,30.0,16.0,43.0,19.0,21.0,19.0
180149.0,2.0,8.0,90.0,47.92933860938384,7.513284341435839,44.55737704918032,78.0,73.75409836065573,46.33945732052007,10.0,10.00423968343697,31.51271905031091,12.0,16.241661955907293,22.14782362916902
181301.0,5.0,18.0,77.0,42.0,6.0,52.0,68.0,82.0,53.0,18.0,8.0,29.0,14.0,10.0,18.0
181305.0,2.0,7.0,91.0,41.0,1.0,58.0,66.0,80.0,53.0,13.0,9.0,17.0,21.0,11.0,30.0
181307.0,10.0,17.0,73.0,47.92933860938384,7.513284341435839,44.55737704918032,62.0,73.75409836065573,46.33945732052007,20.0,10.00423968343697,31.51271905031091,18.0,16.241661955907293,22.14782362916902
181308.0,10.0,23.0,67.0,36.0,7.0,57.0,58.0,66.0,49.0,23.0,18.0,28.0,19.0,16.0,23.0
181309.0,1.0,16.0,83.0,42.0,8.0,50.0,65.0,86.0,43.0,16.0,1.0,31.0,19.0,13.0,26.0
181315.0,4.0,11.0,85.0,35.0,6.0,59.0,63.0,75.0,50.0,17.0,8.0,25.0,20.0,17.0,25.0
181316.0,1.0,11.0,88.0,48.0,1.0,51.0,69.0,82.0,57.0,15.0,9.0,22.0,16.0,9.0,21.0
181317.0,0.0,21.0,79.0,47.92933860938384,7.513284341435839,44.55737704918032,74.0,73.75409836065573,46.33945732052007,6.0,10.00423968343697,31.51271905031091,20.0,16.241661955907293,22.14782362916902
181319.0,10.0,35.0,55.0,47.92933860938384,7.513284341435839,44.55737704918032,57.0,73.75409836065573,46.33945732052007,16.0,10.00423968343697,31.51271905031091,27.0,16.241661955907293,22.14782362916902
181320.0,10.0,16.0,74.0,48.0,8.0,44.0,59.0,73.0,45.0,21.0,12.0,29.0,20.0,15.0,26.0
181323.0,5.0,19.0,76.0,44.0,5.0,51.0,60.0,80.0,39.0,16.0,6.0,26.0,24.0,14.0,35.0
181327.0,4.0,14.0,82.0,48.0,7.0,45.0,64.0,79.0,49.0,12.0,7.0,18.0,24.0,14.0,33.0
181328.0,2.0,15.0,83.0,49.0,7.0,44.0,73.0,82.0,65.0,10.0,3.0,18.0,17.0,15.0,17.0
181329.0,2.0,9.0,89.0,35.0,1.0,64.0,72.0,88.0,56.0,13.0,3.0,24.0,15.0,9.0,20.0
181330.0,4.0,16.0,80.0,46.0,2.0,52.0,73.0,83.0,63.0,7.0,4.0,10.0,20.0,13.0,27.0
181331.0,5.0,9.0,86.0,34.0,7.0,59.0,61.0,71.0,52.0,15.0,8.0,21.0,24.0,21.0,27.0
181332.0,3.0,10.0,87.0,35.0,3.0,62.0,69.0,83.0,54.0,19.0,11.0,27.0,12.0,6.0,19.0
190002.0,9.0,17.0,74.0,39.0,6.0,55.0,65.0,79.0,50.0,19.0,9.0,29.0,16.0,12.0,21.0
190004.0,7.0,13.0,80.0,41.0,6.0,53.0,65.0,79.0,52.0,18.0,7.0,28.0,17.0,14.0,20.0
190005.0,6.0,19.0,75.0,46.0,9.0,45.0,61.0,75.0,48.0,20.0,9.0,30.0,19.0,16.0,22.0
190006.0,6.0,21.0,73.0,47.0,4.0,49.0,68.0,79.0,56.0,17.0,8.0,27.0,15.0,13.0,17.0
190007.0,7.0,19.0,74.0,47.0,7.0,46.0,67.0,80.0,54.0,18.0,8.0,28.0,15.0,12.0,18.0
190008.0,8.0,20.0,72.0,43.0,5.0,52.0,64.0,75.0,52.0,19.0,8.0,31.0,17.0,17.0,17.0
190011.0,11.0,20.0,69.0,45.0,12.0,43.0,65.0,75.0,55.0,18.0,10.0,27.0,17.0,15.0,18.0
190013.0,8.0,17.0,75.0,44.0,9.0,47.0,65.0,76.0,55.0,19.0,9.0,28.0,16.0,15.0,17.0
190014.0,14.0,24.0,62.0,50.0,3.0,47.0,63.0,80.0,47.0,20.0,7.0,33.0,17.0,13.0,20.0
190015.0,10.0,24.0,66.0,46.0,9.0,45.0,58.0,71.0,45.0,26.0,14.0,37.0,16.0,15.0,18.0
190017.0,11.0,18.0,71.0,41.0,8.0,51.0,69.0,80.0,58.0,15.0,7.0,23.0,16.0,13.0,19.0
190019.0,10.0,18.0,72.0,47.0,7.0,46.0,60.0,74.0,46.0,22.0,10.0,34.0,18.0,16.0,20.0
190020.0,11.0,20.0,69.0,50.0,7.0,43.0,64.0,78.0,49.0,20.0,9.0,32.0,16.0,13.0,19.0
190025.0,1.0,16.0,83.0,31.0,4.0,65.0,74.0,77.0,70.0,9.0,5.0,12.0,17.0,18.0,18.0
190026.0,12.0,21.0,67.0,50.0,10.0,40.0,54.0,70.0,37.0,27.0,12.0,42.0,19.0,18.0,21.0
190027.0,12.0,19.0,69.0,45.0,8.0,47.0,61.0,73.0,49.0,21.0,10.0,32.0,18.0,17.0,19.0
190034.0,8.0,16.0,76.0,33.0,4.0,63.0,73.0,82.0,64.0,14.0,4.0,25.0,13.0,14.0,11.0
190036.0,8.0,19.0,73.0,43.0,6.0,51.0,61.0,75.0,48.0,21.0,9.0,33.0,18.0,16.0,19.0
190039.0,9.0,18.0,73.0,49.0,8.0,43.0,58.0,73.0,44.0,23.0,12.0,35.0,19.0,15.0,21.0
190040.0,14.0,23.0,63.0,53.0,8.0,39.0,54.0,68.0,41.0,26.0,12.0,39.0,20.0,20.0,20.0
190041.0,11.0,16.0,73.0,47.0,8.0,45.0,63.0,75.0,51.0,20.0,10.0,31.0,17.0,15.0,18.0
190044.0,8.0,19.0,73.0,47.0,5.0,48.0,61.0,74.0,47.0,22.0,13.0,32.0,17.0,13.0,21.0
190045.0,5.0,14.0,81.0,42.0,6.0,52.0,63.0,78.0,48.0,19.0,7.0,30.0,18.0,15.0,22.0
190046.0,6.0,16.0,78.0,45.0,9.0,46.0,60.0,74.0,46.0,20.0,10.0,29.0,20.0,16.0,25.0
190050.0,8.0,19.0,73.0,53.0,7.0,40.0,60.0,75.0,46.0,17.0,5.0,29.0,23.0,20.0,25.0
190053.0,9.0,21.0,70.0,43.0,7.0,50.0,63.0,78.0,47.0,17.0,8.0,27.0,20.0,14.0,26.0
190054.0,12.0,22.0,66.0,45.0,9.0,46.0,63.0,79.0,47.0,20.0,7.0,33.0,17.0,14.0,20.0
190060.0,9.0,18.0,73.0,47.0,6.0,47.0,60.0,74.0,47.0,20.0,10.0,30.0,20.0,16.0,23.0
190064.0,11.0,18.0,71.0,43.0,7.0,50.0,61.0,74.0,47.0,22.0,11.0,33.0,17.0,15.0,20.0
190065.0,9.0,20.0,71.0,49.0,7.0,44.0,58.0,74.0,43.0,24.0,10.0,37.0,18.0,16.0,20.0
190079.0,3.0,18.0,79.0,38.0,5.0,57.0,73.0,82.0,64.0,5.0,1.0,9.0,22.0,17.0,27.0
190086.0,22.0,22.0,56.0,59.0,11.0,30.0,54.0,68.0,40.0,25.0,14.0,36.0,21.0,18.0,24.0
190088.0,4.0,14.0,82.0,33.0,7.0,60.0,75.0,89.0,60.0,10.0,0.0,20.0,15.0,11.0,20.0
190090.0,2.0,14.0,84.0,47.92933860938384,7.513284341435839,44.55737704918032,71.0,73.75409836065573,46.33945732052007,19.0,10.00423968343697,31.51271905031091,10.0,16.241661955907293,22.14782362916902
190098.0,13.0,23.0,64.0,49.0,9.0,42.0,61.0,73.0,48.0,25.0,15.0,35.0,14.0,12.0,17.0
190099.0,18.0,21.0,61.0,49.0,9.0,42.0,70.0,79.0,61.0,13.0,9.0,18.0,17.0,12.0,21.0
190102.0,7.0,17.0,76.0,40.0,5.0,55.0,67.0,81.0,53.0,18.0,9.0,27.0,15.0,10.0,20.0
190106.0,7.0,21.0,72.0,37.0,4.0,59.0,68.0,78.0,58.0,21.0,12.0,31.0,11.0,10.0,11.0
190111.0,7.0,18.0,75.0,50.0,8.0,42.0,60.0,72.0,48.0,19.0,11.0,27.0,21.0,17.0,25.0
190114.0,2.0,19.0,79.0,51.0,1.0,48.0,62.0,76.0,49.0,12.0,3.0,23.0,26.0,21.0,28.0
190116.0,13.0,23.0,64.0,57.0,5.0,38.0,60.0,68.0,53.0,23.0,21.0,26.0,17.0,11.0,21.0
190118.0,10.0,13.0,77.0,47.92933860938384,7.513284341435839,44.55737704918032,79.0,73.75409836065573,46.33945732052007,9.0,10.00423968343697,31.51271905031091,12.0,16.241661955907293,22.14782362916902
190125.0,7.0,19.0,74.0,46.0,6.0,48.0,64.0,79.0,48.0,21.0,8.0,33.0,15.0,13.0,19.0
190128.0,5.0,14.0,81.0,44.0,4.0,52.0,59.0,75.0,44.0,21.0,9.0,33.0,20.0,16.0,23.0
190133.0,3.0,15.0,82.0,47.92933860938384,7.513284341435839,44.55737704918032,74.0,73.75409836065573,46.33945732052007,9.0,10.00423968343697,31.51271905031091,17.0,16.241661955907293,22.14782362916902
190140.0,6.0,21.0,73.0,51.0,7.0,42.0,77.0,91.0,64.0,7.0,0.0,14.0,16.0,9.0,22.0
190144.0,19.0,21.0,60.0,53.0,16.0,31.0,49.0,61.0,39.0,25.0,15.0,34.0,26.0,24.0,27.0
190145.0,0.0,26.0,74.0,47.92933860938384,7.513284341435839,44.55737704918032,52.0,73.75409836065573,46.33945732052007,9.0,10.00423968343697,31.51271905031091,39.0,16.241661955907293,22.14782362916902
190160.0,14.0,21.0,65.0,51.0,10.0,39.0,58.0,73.0,43.0,25.0,14.0,36.0,17.0,13.0,21.0
190164.0,10.0,21.0,69.0,48.0,5.0,47.0,67.0,76.0,57.0,14.0,9.0,19.0,19.0,15.0,24.0
190167.0,6.0,21.0,73.0,41.0,5.0,54.0,63.0,74.0,51.0,14.0,8.0,21.0,23.0,18.0,28.0
190176.0,9.0,21.0,70.0,49.0,9.0,42.0,55.0,70.0,40.0,24.0,12.0,35.0,21.0,18.0,25.0
190183.0,9.0,15.0,76.0,29.0,6.0,65.0,68.0,80.0,56.0,22.0,13.0,32.0,10.0,7.0,12.0
190184.0,0.0,1.0,99.0,13.0,0.0,87.0,92.0,96.0,87.0,4.0,1.0,7.0,4.0,3.0,6.0
190190.0,0.0,2.0,98.0,25.0,1.0,74.0,84.0,92.0,77.0,1.0,0.0,2.0,15.0,8.0,21.0
190201.0,6.0,18.0,76.0,43.0,10.0,47.0,63.0,76.0,50.0,20.0,8.0,32.0,17.0,16.0,18.0
190202.0,13.0,23.0,64.0,46.0,7.0,47.0,61.0,76.0,46.0,23.0,9.0,37.0,16.0,15.0,17.0
190208.0,14.0,14.0,72.0,47.0,8.0,45.0,51.0,65.0,37.0,25.0,23.0,28.0,24.0,12.0,35.0
190218.0,2.0,31.0,67.0,47.92933860938384,7.513284341435839,44.55737704918032,66.0,73.75409836065573,46.33945732052007,16.0,10.00423968343697,31.51271905031091,18.0,16.241661955907293,22.14782362916902
190241.0,4.0,9.0,87.0,27.0,4.0,69.0,75.0,84.0,65.0,11.0,3.0,20.0,14.0,13.0,15.0
190245.0,6.0,6.0,88.0,47.92933860938384,7.513284341435839,44.55737704918032,68.0,73.75409836065573,46.33945732052007,17.0,10.00423968343697,31.51271905031091,15.0,16.241661955907293,22.14782362916902
190251.0,5.0,9.0,86.0,37.0,5.0,58.0,77.0,91.0,63.0,12.0,4.0,19.0,11.0,5.0,18.0
190255.0,2.0,4.0,94.0,25.0,2.0,73.0,78.0,86.0,71.0,13.0,8.0,17.0,9.0,6.0,12.0
190256.0,2.0,10.0,88.0,33.0,7.0,60.0,79.0,91.0,68.0,8.0,3.0,14.0,13.0,6.0,18.0
190259.0,4.0,7.0,89.0,36.0,4.0,60.0,80.0,89.0,70.0,11.0,3.0,19.0,9.0,8.0,11.0
190266.0,3.0,8.0,89.0,32.0,5.0,63.0,79.0,89.0,69.0,10.0,5.0,14.0,11.0,6.0,17.0
190267.0,2.0,6.0,92.0,32.0,3.0,65.0,78.0,88.0,68.0,11.0,4.0,18.0,11.0,8.0,14.0
190270.0,4.0,7.0,89.0,29.0,4.0,67.0,81.0,91.0,71.0,10.0,4.0,15.0,9.0,5.0,14.0
190274.0,11.0,21.0,68.0,47.0,7.0,46.0,60.0,73.0,47.0,24.0,12.0,36.0,16.0,15.0,17.0
190278.0,4.0,10.0,86.0,35.0,3.0,62.0,71.0,82.0,59.0,15.0,7.0,23.0,14.0,11.0,18.0
190298.0,2.0,7.0,91.0,27.0,3.0,70.0,82.0,91.0,74.0,9.0,7.0,11.0,9.0,2.0,15.0
190303.0,2.0,7.0,91.0,36.0,4.0,60.0,82.0,89.0,76.0,9.0,4.0,15.0,9.0,7.0,9.0
190308.0,5.0,17.0,78.0,33.0,8.0,59.0,62.0,78.0,45.0,18.0,7.0,29.0,20.0,15.0,26.0
190312.0,3.0,20.0,77.0,44.0,4.0,52.0,74.0,83.0,66.0,12.0,2.0,22.0,14.0,15.0,12.0
190313.0,6.0,20.0,74.0,46.0,11.0,43.0,69.0,85.0,53.0,16.0,3.0,28.0,15.0,12.0,19.0
190316.0,7.0,17.0,76.0,36.0,8.0,56.0,56.0,70.0,41.0,26.0,15.0,37.0,18.0,15.0,22.0
190317.0,16.0,13.0,71.0,37.0,13.0,50.0,61.0,67.0,55.0,22.0,14.0,31.0,17.0,19.0,14.0
190318.0,14.0,18.0,68.0,50.0,9.0,41.0,59.0,76.0,43.0,24.0,12.0,37.0,17.0,12.0,20.0
191301.0,0.0,13.0,87.0,47.92933860938384,7.513284341435839,44.55737704918032,100.0,73.75409836065573,46.33945732052007,0.0,10.00423968343697,31.51271905031091,0.0,16.241661955907293,22.14782362916902
191302.0,2.0,12.0,86.0,30.0,3.0,67.0,72.0,87.0,58.0,7.0,4.0,11.0,21.0,9.0,31.0
191304.0,6.0,12.0,82.0,55.0,4.0,41.0,75.0,87.0,63.0,12.0,4.0,20.0,13.0,9.0,17.0
191305.0,2.0,9.0,89.0,32.0,2.0,66.0,78.0,91.0,62.0,9.0,1.0,19.0,13.0,8.0,19.0
191310.0,6.0,6.0,88.0,47.92933860938384,7.513284341435839,44.55737704918032,64.0,73.75409836065573,46.33945732052007,24.0,10.00423968343697,31.51271905031091,12.0,16.241661955907293,22.14782362916902
191311.0,1.0,23.0,76.0,47.92933860938384,7.513284341435839,44.55737704918032,69.0,73.75409836065573,46.33945732052007,17.0,10.00423968343697,31.51271905031091,14.0,16.241661955907293,22.14782362916902
191315.0,6.0,13.0,81.0,47.92933860938384,7.513284341435839,44.55737704918032,64.0,73.75409836065573,46.33945732052007,8.0,10.00423968343697,31.51271905031091,28.0,16.241661955907293,22.14782362916902
191317.0,8.0,9.0,83.0,47.92933860938384,7.513284341435839,44.55737704918032,42.0,73.75409836065573,46.33945732052007,14.0,10.00423968343697,31.51271905031091,44.0,16.241661955907293,22.14782362916902
191321.0,2.0,11.0,87.0,50.0,4.0,46.0,66.0,84.0,49.0,15.0,1.0,28.0,19.0,15.0,23.0
191322.0,2.0,14.0,84.0,35.0,0.0,65.0,80.0,92.0,69.0,10.0,2.0,18.0,10.0,6.0,13.0
191323.0,1.0,12.0,87.0,44.0,1.0,55.0,73.0,90.0,55.0,5.0,1.0,9.0,22.0,9.0,36.0
191324.0,8.0,15.0,77.0,40.0,4.0,56.0,70.0,77.0,62.0,16.0,8.0,24.0,14.0,15.0,14.0
191326.0,0.0,8.0,92.0,47.92933860938384,7.513284341435839,44.55737704918032,73.0,73.75409836065573,46.33945732052007,8.0,10.00423968343697,31.51271905031091,19.0,16.241661955907293,22.14782362916902
200001.0,5.0,20.0,75.0,46.0,7.0,47.0,61.0,73.0,50.0,20.0,9.0,30.0,19.0,18.0,20.0
200008.0,5.0,15.0,80.0,44.0,5.0,51.0,65.0,80.0,50.0,17.0,7.0,27.0,18.0,13.0,23.0
200009.0,8.0,21.0,71.0,48.0,5.0,47.0,61.0,74.0,47.0,19.0,9.0,30.0,20.0,17.0,23.0
200018.0,9.0,30.0,61.0,47.0,10.0,43.0,66.0,81.0,51.0,19.0,9.0,29.0,15.0,10.0,20.0
200019.0,14.0,29.0,57.0,51.0,11.0,38.0,53.0,67.0,39.0,26.0,14.0,39.0,21.0,19.0,22.0
200020.0,5.0,14.0,81.0,41.0,5.0,54.0,71.0,82.0,60.0,13.0,5.0,22.0,16.0,13.0,18.0
200021.0,7.0,23.0,70.0,50.0,7.0,43.0,61.0,76.0,46.0,21.0,11.0,31.0,18.0,13.0,23.0
200024.0,14.0,24.0,62.0,51.0,8.0,41.0,57.0,69.0,46.0,24.0,12.0,37.0,19.0,19.0,17.0
200031.0,8.0,22.0,70.0,49.0,7.0,44.0,64.0,77.0,52.0,18.0,8.0,28.0,18.0,15.0,20.0
200033.0,13.0,25.0,62.0,53.0,7.0,40.0,58.0,72.0,44.0,22.0,10.0,33.0,20.0,18.0,23.0
200034.0,7.0,24.0,69.0,51.0,6.0,43.0,62.0,75.0,48.0,20.0,9.0,32.0,18.0,16.0,20.0
200037.0,5.0,25.0,70.0,44.0,9.0,47.0,65.0,79.0,52.0,16.0,8.0,23.0,19.0,13.0,25.0
200039.0,7.0,18.0,75.0,50.0,6.0,44.0,64.0,77.0,50.0,17.0,8.0,26.0,19.0,15.0,24.0
200041.0,8.0,23.0,69.0,45.0,8.0,47.0,60.0,74.0,47.0,21.0,12.0,30.0,19.0,14.0,23.0
200050.0,16.0,29.0,55.0,51.0,11.0,38.0,55.0,68.0,42.0,25.0,11.0,40.0,20.0,21.0,18.0
200052.0,1.0,21.0,78.0,50.0,6.0,44.0,64.0,80.0,48.0,14.0,7.0,21.0,22.0,13.0,31.0
200063.0,6.0,22.0,72.0,48.0,7.0,45.0,62.0,77.0,47.0,20.0,9.0,31.0,18.0,14.0,22.0
201300.0,8.0,24.0,68.0,45.0,6.0,49.0,53.0,64.0,42.0,18.0,11.0,26.0,29.0,25.0,32.0
201301.0,4.0,24.0,72.0,47.92933860938384,7.513284341435839,44.55737704918032,65.0,73.75409836065573,46.33945732052007,15.0,10.00423968343697,31.51271905031091,20.0,16.241661955907293,22.14782362916902
201302.0,3.0,17.0,80.0,44.0,4.0,52.0,67.0,79.0,56.0,15.0,6.0,24.0,18.0,15.0,20.0
201303.0,3.0,14.0,83.0,47.92933860938384,7.513284341435839,44.55737704918032,78.0,73.75409836065573,46.33945732052007,13.0,10.00423968343697,31.51271905031091,9.0,16.241661955907293,22.14782362916902
201304.0,5.0,14.0,81.0,34.0,2.0,64.0,69.0,82.0,56.0,18.0,7.0,29.0,13.0,11.0,15.0
201305.0,5.0,14.0,81.0,47.92933860938384,7.513284341435839,44.55737704918032,72.0,73.75409836065573,46.33945732052007,11.0,10.00423968343697,31.51271905031091,17.0,16.241661955907293,22.14782362916902
201306.0,9.0,24.0,67.0,49.0,6.0,45.0,55.0,61.0,49.0,22.0,12.0,33.0,23.0,27.0,18.0
201307.0,3.0,20.0,77.0,45.0,5.0,50.0,70.0,80.0,60.0,10.0,3.0,17.0,20.0,17.0,23.0
201308.0,4.0,32.0,64.0,53.0,4.0,43.0,66.0,77.0,56.0,20.0,9.0,32.0,14.0,14.0,12.0
201309.0,6.0,21.0,73.0,48.0,5.0,47.0,64.0,73.0,54.0,19.0,9.0,29.0,17.0,18.0,17.0
201310.0,6.0,19.0,75.0,54.0,4.0,42.0,66.0,82.0,49.0,18.0,3.0,33.0,16.0,15.0,18.0
201311.0,13.0,20.0,67.0,49.0,8.0,43.0,62.0,74.0,51.0,21.0,11.0,31.0,17.0,15.0,18.0
201312.0,5.0,21.0,74.0,50.0,7.0,43.0,64.0,78.0,50.0,14.0,3.0,26.0,22.0,19.0,24.0
201313.0,7.0,29.0,64.0,62.0,7.0,31.0,54.0,71.0,37.0,17.0,4.0,31.0,29.0,25.0,32.0
201314.0,2.0,13.0,85.0,41.0,3.0,56.0,75.0,87.0,62.0,8.0,3.0,12.0,17.0,10.0,26.0
201315.0,3.0,16.0,81.0,44.0,2.0,54.0,67.0,77.0,57.0,14.0,6.0,21.0,19.0,17.0,22.0
210001.0,5.0,24.0,71.0,47.0,8.0,45.0,52.0,69.0,36.0,26.0,15.0,36.0,22.0,16.0,28.0
210002.0,8.0,19.0,73.0,46.0,8.0,46.0,60.0,76.0,45.0,21.0,9.0,33.0,19.0,15.0,22.0
210003.0,19.0,23.0,58.0,52.0,13.0,35.0,50.0,67.0,34.0,32.0,17.0,47.0,18.0,16.0,19.0
210004.0,10.0,26.0,64.0,61.0,12.0,27.0,50.0,66.0,35.0,28.0,15.0,40.0,22.0,19.0,25.0
210005.0,11.0,23.0,66.0,51.0,9.0,40.0,55.0,71.0,39.0,24.0,12.0,37.0,21.0,17.0,24.0
210008.0,6.0,16.0,78.0,47.0,7.0,46.0,57.0,72.0,42.0,21.0,9.0,32.0,22.0,19.0,26.0
210009.0,5.0,14.0,81.0,39.0,6.0,55.0,62.0,77.0,47.0,19.0,8.0,30.0,19.0,15.0,23.0
210011.0,9.0,25.0,66.0,52.0,10.0,38.0,52.0,70.0,35.0,25.0,11.0,38.0,23.0,19.0,27.0
210012.0,15.0,26.0,59.0,54.0,11.0,35.0,55.0,69.0,40.0,27.0,13.0,41.0,18.0,18.0,19.0
210015.0,13.0,26.0,61.0,52.0,11.0,37.0,55.0,70.0,41.0,24.0,12.0,37.0,21.0,18.0,22.0
210016.0,9.0,22.0,69.0,49.0,9.0,42.0,60.0,74.0,46.0,22.0,11.0,32.0,18.0,15.0,22.0
210017.0,5.0,18.0,77.0,45.0,8.0,47.0,63.0,79.0,46.0,19.0,8.0,30.0,18.0,13.0,24.0
210018.0,13.0,26.0,61.0,51.0,11.0,38.0,49.0,64.0,34.0,31.0,17.0,45.0,20.0,19.0,21.0
210019.0,11.0,21.0,68.0,49.0,7.0,44.0,56.0,72.0,41.0,22.0,10.0,34.0,22.0,18.0,25.0
210022.0,6.0,18.0,76.0,47.0,7.0,46.0,56.0,72.0,40.0,25.0,10.0,39.0,19.0,18.0,21.0
210023.0,10.0,23.0,67.0,52.0,9.0,39.0,55.0,69.0,40.0,25.0,11.0,39.0,20.0,20.0,21.0
210024.0,10.0,21.0,69.0,47.0,8.0,45.0,59.0,74.0,44.0,23.0,10.0,35.0,18.0,16.0,21.0
210027.0,13.0,23.0,64.0,52.0,8.0,40.0,61.0,73.0,48.0,21.0,11.0,32.0,18.0,16.0,20.0
210028.0,11.0,27.0,62.0,53.0,7.0,40.0,58.0,72.0,43.0,22.0,9.0,35.0,20.0,19.0,22.0
210029.0,12.0,21.0,67.0,44.0,8.0,48.0,57.0,70.0,44.0,24.0,12.0,35.0,19.0,18.0,21.0
210030.0,7.0,14.0,79.0,35.0,3.0,62.0,71.0,84.0,58.0,12.0,6.0,19.0,17.0,10.0,23.0
210032.0,10.0,28.0,62.0,52.0,10.0,38.0,58.0,71.0,46.0,21.0,12.0,31.0,21.0,17.0,23.0
210033.0,13.0,27.0,60.0,52.0,10.0,38.0,53.0,67.0,38.0,27.0,12.0,42.0,20.0,21.0,20.0
210034.0,13.0,26.0,61.0,52.0,9.0,39.0,56.0,68.0,44.0,28.0,16.0,40.0,16.0,16.0,16.0
210035.0,18.0,24.0,58.0,53.0,8.0,39.0,56.0,73.0,39.0,27.0,12.0,42.0,17.0,15.0,19.0
210037.0,17.0,30.0,53.0,53.0,10.0,37.0,53.0,67.0,39.0,28.0,16.0,41.0,19.0,17.0,20.0
210038.0,9.0,25.0,66.0,54.0,9.0,37.0,59.0,78.0,41.0,19.0,6.0,33.0,22.0,16.0,26.0
210039.0,5.0,19.0,76.0,47.0,5.0,48.0,62.0,78.0,46.0,18.0,6.0,29.0,20.0,16.0,25.0
210040.0,14.0,26.0,60.0,58.0,11.0,31.0,56.0,71.0,40.0,28.0,14.0,41.0,16.0,15.0,19.0
210043.0,10.0,23.0,67.0,54.0,9.0,37.0,59.0,76.0,43.0,21.0,8.0,35.0,20.0,16.0,22.0
210044.0,8.0,26.0,66.0,49.0,8.0,43.0,54.0,70.0,38.0,26.0,12.0,41.0,20.0,18.0,21.0
210048.0,11.0,25.0,64.0,50.0,9.0,41.0,53.0,70.0,37.0,27.0,12.0,41.0,20.0,18.0,22.0
210049.0,13.0,29.0,58.0,51.0,11.0,38.0,53.0,68.0,38.0,29.0,14.0,43.0,18.0,18.0,19.0
210051.0,14.0,28.0,58.0,52.0,13.0,35.0,55.0,73.0,38.0,28.0,13.0,43.0,17.0,14.0,19.0
210056.0,13.0,26.0,61.0,50.0,11.0,39.0,53.0,69.0,36.0,28.0,14.0,43.0,19.0,17.0,21.0
210057.0,10.0,25.0,65.0,50.0,9.0,41.0,55.0,71.0,39.0,24.0,12.0,37.0,21.0,17.0,24.0
210060.0,16.0,26.0,58.0,49.0,14.0,37.0,53.0,75.0,32.0,28.0,13.0,42.0,19.0,12.0,26.0
210061.0,6.0,19.0,75.0,49.0,3.0,48.0,60.0,78.0,42.0,20.0,9.0,32.0,20.0,13.0,26.0
210062.0,25.0,32.0,43.0,55.0,18.0,27.0,46.0,62.0,30.0,36.0,19.0,53.0,18.0,19.0,17.0
210063.0,6.0,19.0,75.0,46.0,7.0,47.0,59.0,76.0,43.0,22.0,9.0,36.0,19.0,15.0,21.0
210065.0,11.0,27.0,62.0,59.0,11.0,30.0,43.0,59.0,28.0,32.0,19.0,44.0,25.0,22.0,28.0
220001.0,16.0,28.0,56.0,51.0,9.0,40.0,52.0,63.0,41.0,28.0,15.0,40.0,20.0,22.0,19.0
220002.0,7.0,21.0,72.0,47.0,6.0,47.0,60.0,75.0,45.0,19.0,8.0,30.0,21.0,17.0,25.0
220008.0,7.0,26.0,67.0,52.0,6.0,42.0,61.0,76.0,47.0,19.0,6.0,31.0,20.0,18.0,22.0
220010.0,13.0,28.0,59.0,51.0,10.0,39.0,56.0,70.0,43.0,24.0,12.0,36.0,20.0,18.0,21.0
220011.0,10.0,24.0,66.0,49.0,7.0,44.0,58.0,71.0,45.0,23.0,12.0,34.0,19.0,17.0,21.0
220012.0,10.0,27.0,63.0,52.0,6.0,42.0,60.0,73.0,46.0,23.0,11.0,35.0,17.0,16.0,19.0
220015.0,7.0,23.0,70.0,47.0,6.0,47.0,62.0,76.0,48.0,21.0,9.0,32.0,17.0,15.0,20.0
220016.0,9.0,27.0,64.0,55.0,7.0,38.0,63.0,78.0,48.0,18.0,7.0,28.0,19.0,15.0,24.0
220017.0,16.0,17.0,67.0,43.0,9.0,48.0,64.0,75.0,52.0,24.0,14.0,34.0,12.0,11.0,14.0
220019.0,12.0,26.0,62.0,51.0,8.0,41.0,53.0,67.0,38.0,25.0,12.0,38.0,22.0,21.0,24.0
220020.0,7.0,19.0,74.0,44.0,6.0,50.0,64.0,79.0,49.0,18.0,7.0,30.0,18.0,14.0,21.0
220024.0,8.0,24.0,68.0,52.0,8.0,40.0,59.0,73.0,44.0,22.0,10.0,35.0,19.0,17.0,21.0
220029.0,10.0,23.0,67.0,50.0,8.0,42.0,60.0,75.0,45.0,23.0,11.0,35.0,17.0,14.0,20.0
220030.0,9.0,23.0,68.0,52.0,7.0,41.0,62.0,76.0,47.0,18.0,8.0,28.0,20.0,16.0,25.0
220031.0,8.0,21.0,71.0,56.0,8.0,36.0,61.0,74.0,49.0,20.0,11.0,29.0,19.0,15.0,22.0
220033.0,11.0,25.0,64.0,51.0,8.0,41.0,56.0,70.0,43.0,24.0,12.0,36.0,20.0,18.0,21.0
220035.0,13.0,20.0,67.0,51.0,10.0,39.0,62.0,74.0,49.0,21.0,10.0,33.0,17.0,16.0,18.0
220036.0,15.0,23.0,62.0,49.0,9.0,42.0,54.0,68.0,40.0,26.0,14.0,39.0,20.0,18.0,21.0
220046.0,14.0,28.0,58.0,56.0,6.0,38.0,54.0,65.0,42.0,24.0,12.0,36.0,22.0,23.0,22.0
220049.0,11.0,29.0,60.0,53.0,6.0,41.0,58.0,73.0,42.0,21.0,10.0,33.0,21.0,17.0,25.0
220060.0,13.0,24.0,63.0,48.0,7.0,45.0,55.0,71.0,39.0,27.0,13.0,41.0,18.0,16.0,20.0
220063.0,12.0,26.0,62.0,50.0,9.0,41.0,57.0,71.0,44.0,25.0,13.0,36.0,18.0,16.0,20.0
220065.0,9.0,26.0,65.0,51.0,7.0,42.0,64.0,79.0,49.0,21.0,10.0,33.0,15.0,11.0,18.0
220066.0,8.0,24.0,68.0,51.0,8.0,41.0,58.0,73.0,43.0,22.0,9.0,34.0,20.0,18.0,23.0
220070.0,14.0,25.0,61.0,51.0,9.0,40.0,53.0,68.0,39.0,26.0,12.0,41.0,21.0,20.0,20.0
220071.0,6.0,16.0,78.0,40.0,7.0,53.0,65.0,77.0,53.0,17.0,7.0,27.0,18.0,16.0,20.0
220073.0,16.0,30.0,54.0,54.0,10.0,36.0,60.0,72.0,47.0,23.0,13.0,33.0,17.0,15.0,20.0
220074.0,9.0,26.0,65.0,55.0,9.0,36.0,58.0,74.0,42.0,21.0,11.0,30.0,21.0,15.0,28.0
220075.0,4.0,12.0,84.0,37.0,3.0,60.0,70.0,83.0,57.0,15.0,7.0,23.0,15.0,10.0,20.0
220077.0,14.0,25.0,61.0,52.0,11.0,37.0,54.0,68.0,39.0,27.0,15.0,39.0,19.0,17.0,22.0
220080.0,17.0,28.0,55.0,50.0,12.0,38.0,55.0,67.0,43.0,23.0,12.0,34.0,22.0,21.0,23.0
220083.0,9.0,24.0,67.0,48.0,7.0,45.0,60.0,75.0,46.0,22.0,10.0,34.0,18.0,15.0,20.0
220084.0,6.0,22.0,72.0,50.0,5.0,45.0,60.0,75.0,45.0,22.0,10.0,35.0,18.0,15.0,20.0
220086.0,8.0,18.0,74.0,45.0,6.0,49.0,61.0,74.0,47.0,20.0,9.0,30.0,19.0,17.0,23.0
220088.0,6.0,11.0,83.0,40.0,5.0,55.0,69.0,83.0,55.0,15.0,6.0,24.0,16.0,11.0,21.0
220090.0,6.0,17.0,77.0,46.0,7.0,47.0,64.0,76.0,52.0,17.0,6.0,27.0,19.0,18.0,21.0
220095.0,9.0,22.0,69.0,51.0,6.0,43.0,59.0,73.0,44.0,21.0,10.0,31.0,20.0,17.0,25.0
220098.0,11.0,28.0,61.0,53.0,7.0,40.0,61.0,75.0,47.0,20.0,10.0,31.0,19.0,15.0,22.0
220100.0,10.0,24.0,66.0,48.0,6.0,46.0,59.0,74.0,43.0,21.0,8.0,33.0,20.0,18.0,24.0
220101.0,8.0,23.0,69.0,45.0,8.0,47.0,63.0,79.0,48.0,19.0,7.0,32.0,18.0,14.0,20.0
220105.0,8.0,23.0,69.0,49.0,6.0,45.0,58.0,73.0,44.0,22.0,10.0,34.0,20.0,17.0,22.0
220108.0,11.0,23.0,66.0,46.0,6.0,48.0,57.0,73.0,41.0,20.0,9.0,31.0,23.0,18.0,28.0
220110.0,7.0,14.0,79.0,40.0,6.0,54.0,63.0,76.0,50.0,19.0,7.0,30.0,18.0,17.0,20.0
220111.0,22.0,28.0,50.0,51.0,15.0,34.0,49.0,64.0,35.0,30.0,17.0,43.0,21.0,19.0,22.0
220116.0,5.0,17.0,78.0,42.0,5.0,53.0,64.0,79.0,48.0,16.0,8.0,24.0,20.0,13.0,28.0
220119.0,8.0,19.0,73.0,47.0,7.0,46.0,62.0,78.0,47.0,21.0,10.0,32.0,17.0,12.0,21.0
220135.0,10.0,25.0,65.0,52.0,6.0,42.0,54.0,68.0,40.0,25.0,11.0,39.0,21.0,21.0,21.0
220163.0,9.0,26.0,65.0,49.0,7.0,44.0,56.0,69.0,44.0,24.0,12.0,36.0,20.0,19.0,20.0
220171.0,9.0,21.0,70.0,45.0,7.0,48.0,62.0,76.0,48.0,19.0,9.0,29.0,19.0,15.0,23.0
220175.0,27.0,31.0,42.0,52.0,14.0,34.0,55.0,67.0,42.0,28.0,15.0,41.0,17.0,18.0,17.0
220176.0,19.0,29.0,52.0,52.0,12.0,36.0,49.0,63.0,36.0,30.0,16.0,44.0,21.0,21.0,20.0
220177.0,4.0,16.0,80.0,42.0,6.0,52.0,73.0,84.0,62.0,10.0,4.0,16.0,17.0,12.0,22.0
221300.0,5.0,13.0,82.0,47.0,6.0,47.0,72.0,86.0,58.0,13.0,5.0,21.0,15.0,9.0,21.0
221302.0,2.0,7.0,91.0,39.0,1.0,60.0,69.0,81.0,56.0,14.0,5.0,23.0,17.0,14.0,21.0
221303.0,6.0,23.0,71.0,62.0,3.0,35.0,65.0,75.0,55.0,16.0,11.0,21.0,19.0,14.0,24.0
230002.0,7.0,25.0,68.0,51.0,7.0,42.0,55.0,71.0,39.0,24.0,10.0,38.0,21.0,19.0,23.0
230003.0,4.0,12.0,84.0,42.0,5.0,53.0,62.0,76.0,47.0,18.0,9.0,27.0,20.0,15.0,26.0
230005.0,6.0,20.0,74.0,45.0,6.0,49.0,64.0,79.0,50.0,17.0,6.0,28.0,19.0,15.0,22.0
230015.0,8.0,29.0,63.0,50.0,7.0,43.0,61.0,74.0,49.0,20.0,10.0,30.0,19.0,16.0,21.0
230017.0,5.0,23.0,72.0,48.0,5.0,47.0,59.0,75.0,44.0,21.0,10.0,32.0,20.0,15.0,24.0
230019.0,10.0,25.0,65.0,50.0,11.0,39.0,52.0,69.0,36.0,27.0,13.0,42.0,21.0,18.0,22.0
230020.0,19.0,28.0,53.0,55.0,14.0,31.0,53.0,64.0,42.0,29.0,15.0,43.0,18.0,21.0,15.0
230021.0,7.0,25.0,68.0,53.0,7.0,40.0,59.0,74.0,43.0,21.0,9.0,33.0,20.0,17.0,24.0
230022.0,12.0,28.0,60.0,53.0,7.0,40.0,58.0,71.0,46.0,24.0,11.0,37.0,18.0,18.0,17.0
230024.0,35.0,27.0,38.0,49.0,24.0,27.0,44.0,60.0,28.0,33.0,17.0,50.0,23.0,23.0,22.0
230029.0,12.0,26.0,62.0,53.0,9.0,38.0,51.0,67.0,34.0,28.0,14.0,42.0,21.0,19.0,24.0
230030.0,3.0,23.0,74.0,50.0,7.0,43.0,63.0,80.0,47.0,16.0,5.0,27.0,21.0,15.0,26.0
230031.0,11.0,24.0,65.0,54.0,10.0,36.0,53.0,69.0,38.0,29.0,16.0,41.0,18.0,15.0,21.0
230035.0,5.0,22.0,73.0,50.0,3.0,47.0,61.0,75.0,48.0,20.0,9.0,32.0,19.0,16.0,20.0
230036.0,3.0,16.0,81.0,45.0,4.0,51.0,66.0,79.0,54.0,15.0,6.0,22.0,19.0,15.0,24.0
230037.0,7.0,23.0,70.0,55.0,5.0,40.0,56.0,73.0,39.0,19.0,8.0,31.0,25.0,19.0,30.0
230038.0,7.0,21.0,72.0,46.0,5.0,49.0,61.0,76.0,45.0,21.0,8.0,33.0,18.0,16.0,22.0
230041.0,16.0,29.0,55.0,56.0,8.0,36.0,55.0,69.0,40.0,25.0,12.0,38.0,20.0,19.0,22.0
230046.0,6.0,16.0,78.0,44.0,4.0,52.0,60.0,75.0,45.0,20.0,9.0,31.0,20.0,16.0,24.0
230047.0,12.0,23.0,65.0,50.0,11.0,39.0,51.0,69.0,34.0,27.0,13.0,41.0,22.0,18.0,25.0
230053.0,9.0,23.0,68.0,49.0,8.0,43.0,59.0,73.0,45.0,21.0,10.0,33.0,20.0,17.0,22.0
230054.0,12.0,25.0,63.0,50.0,6.0,44.0,61.0,76.0,47.0,19.0,7.0,31.0,20.0,17.0,22.0
230055.0,11.0,30.0,59.0,50.0,6.0,44.0,61.0,74.0,48.0,19.0,9.0,29.0,20.0,17.0,23.0
230058.0,7.0,21.0,72.0,49.0,3.0,48.0,71.0,85.0,56.0,11.0,5.0,17.0,18.0,10.0,27.0
230059.0,5.0,18.0,77.0,50.0,3.0,47.0,59.0,77.0,41.0,19.0,7.0,30.0,22.0,16.0,29.0
230066.0,12.0,26.0,62.0,52.0,9.0,39.0,56.0,71.0,41.0,23.0,10.0,37.0,21.0,19.0,22.0
230069.0,5.0,20.0,75.0,50.0,4.0,46.0,66.0,80.0,52.0,17.0,8.0,27.0,17.0,12.0,21.0
230070.0,9.0,24.0,67.0,49.0,6.0,45.0,60.0,76.0,45.0,22.0,10.0,34.0,18.0,14.0,21.0
230072.0,6.0,16.0,78.0,48.0,6.0,46.0,56.0,72.0,40.0,19.0,11.0,26.0,25.0,17.0,34.0
230075.0,9.0,23.0,68.0,55.0,4.0,41.0,59.0,73.0,44.0,22.0,9.0,34.0,19.0,18.0,22.0
230077.0,9.0,26.0,65.0,50.0,8.0,42.0,55.0,72.0,38.0,24.0,11.0,35.0,21.0,17.0,27.0
230080.0,5.0,20.0,75.0,52.0,4.0,44.0,57.0,71.0,42.0,21.0,11.0,31.0,22.0,18.0,27.0
230081.0,6.0,22.0,72.0,50.0,5.0,45.0,66.0,79.0,54.0,14.0,6.0,23.0,20.0,15.0,23.0
230085.0,8.0,24.0,68.0,54.0,2.0,44.0,55.0,68.0,41.0,23.0,12.0,34.0,22.0,20.0,25.0
230089.0,9.0,20.0,71.0,49.0,10.0,41.0,58.0,73.0,43.0,25.0,11.0,38.0,17.0,16.0,19.0
230092.0,13.0,27.0,60.0,54.0,9.0,37.0,53.0,67.0,38.0,27.0,14.0,40.0,20.0,19.0,22.0
230093.0,5.0,21.0,74.0,49.0,7.0,44.0,66.0,81.0,51.0,19.0,4.0,33.0,15.0,15.0,16.0
230095.0,7.0,16.0,77.0,42.0,7.0,51.0,63.0,77.0,50.0,19.0,8.0,30.0,18.0,15.0,20.0
230097.0,7.0,21.0,72.0,50.0,5.0,45.0,58.0,75.0,41.0,20.0,9.0,31.0,22.0,16.0,28.0
230099.0,10.0,27.0,63.0,54.0,8.0,38.0,57.0,72.0,42.0,22.0,10.0,34.0,21.0,18.0,24.0
230100.0,5.0,23.0,72.0,46.0,6.0,48.0,65.0,81.0,49.0,14.0,6.0,21.0,21.0,13.0,30.0
230104.0,24.0,27.0,49.0,49.0,19.0,32.0,52.0,64.0,40.0,29.0,15.0,43.0,19.0,21.0,17.0
230105.0,14.0,23.0,63.0,53.0,7.0,40.0,57.0,72.0,42.0,23.0,12.0,34.0,20.0,16.0,24.0
230108.0,2.0,20.0,78.0,41.0,2.0,57.0,74.0,88.0,60.0,13.0,4.0,22.0,13.0,8.0,18.0
230110.0,7.0,21.0,72.0,51.0,4.0,45.0,62.0,77.0,48.0,16.0,6.0,25.0,22.0,17.0,27.0
230117.0,10.0,27.0,63.0,50.0,10.0,40.0,52.0,69.0,36.0,24.0,12.0,36.0,24.0,19.0,28.0
230121.0,8.0,24.0,68.0,54.0,6.0,40.0,62.0,78.0,47.0,21.0,8.0,34.0,17.0,14.0,19.0
230130.0,13.0,24.0,63.0,49.0,10.0,41.0,56.0,74.0,37.0,27.0,11.0,43.0,17.0,15.0,20.0
230132.0,11.0,26.0,63.0,48.0,11.0,41.0,57.0,71.0,42.0,27.0,13.0,41.0,16.0,16.0,17.0
230133.0,7.0,27.0,66.0,48.0,5.0,47.0,60.0,75.0,45.0,14.0,5.0,24.0,26.0,20.0,31.0
230141.0,14.0,29.0,57.0,54.0,13.0,33.0,51.0,67.0,34.0,27.0,12.0,42.0,22.0,21.0,24.0
230142.0,18.0,28.0,54.0,51.0,14.0,35.0,52.0,68.0,37.0,28.0,14.0,43.0,20.0,18.0,20.0
230144.0,3.0,17.0,80.0,46.0,5.0,49.0,71.0,87.0,55.0,18.0,3.0,33.0,11.0,10.0,12.0
230146.0,13.0,25.0,62.0,52.0,10.0,38.0,53.0,69.0,38.0,23.0,9.0,38.0,24.0,22.0,24.0
230151.0,14.0,25.0,61.0,56.0,8.0,36.0,53.0,69.0,36.0,27.0,14.0,40.0,20.0,17.0,24.0
230156.0,6.0,19.0,75.0,49.0,5.0,46.0,62.0,80.0,44.0,19.0,6.0,32.0,19.0,14.0,24.0
230165.0,9.0,29.0,62.0,53.0,10.0,37.0,53.0,70.0,37.0,26.0,13.0,39.0,21.0,17.0,24.0
230167.0,10.0,22.0,68.0,50.0,10.0,40.0,55.0,70.0,40.0,25.0,13.0,38.0,20.0,17.0,22.0
230174.0,5.0,21.0,74.0,47.0,4.0,49.0,59.0,72.0,47.0,16.0,8.0,24.0,25.0,20.0,29.0
230176.0,11.0,21.0,68.0,50.0,9.0,41.0,57.0,71.0,43.0,24.0,12.0,35.0,19.0,17.0,22.0
230180.0,5.0,20.0,75.0,47.0,6.0,47.0,59.0,79.0,39.0,24.0,12.0,35.0,17.0,9.0,26.0
230193.0,17.0,31.0,52.0,58.0,11.0,31.0,52.0,68.0,35.0,26.0,13.0,39.0,22.0,19.0,26.0
230195.0,16.0,27.0,57.0,55.0,12.0,33.0,47.0,66.0,29.0,32.0,16.0,48.0,21.0,18.0,23.0
230197.0,11.0,29.0,60.0,56.0,8.0,36.0,52.0,69.0,35.0,28.0,14.0,41.0,20.0,17.0,24.0
230207.0,17.0,29.0,54.0,55.0,13.0,32.0,49.0,66.0,32.0,28.0,14.0,42.0,23.0,20.0,26.0
230208.0,2.0,9.0,89.0,43.0,4.0,53.0,80.0,94.0,68.0,5.0,0.0,10.0,15.0,6.0,22.0
230216.0,10.0,28.0,62.0,57.0,7.0,36.0,57.0,72.0,41.0,21.0,9.0,34.0,22.0,19.0,25.0
230217.0,3.0,17.0,80.0,48.0,5.0,47.0,64.0,79.0,48.0,16.0,5.0,27.0,20.0,16.0,25.0
230222.0,5.0,16.0,79.0,47.0,7.0,46.0,60.0,78.0,43.0,19.0,6.0,30.0,21.0,16.0,27.0
230227.0,20.0,29.0,51.0,59.0,10.0,31.0,49.0,66.0,33.0,28.0,13.0,42.0,23.0,21.0,25.0
230230.0,10.0,24.0,66.0,48.0,9.0,43.0,56.0,74.0,38.0,20.0,9.0,31.0,24.0,17.0,31.0
230236.0,5.0,17.0,78.0,47.0,6.0,47.0,56.0,71.0,40.0,20.0,9.0,31.0,24.0,20.0,29.0
230239.0,7.0,25.0,68.0,47.0,9.0,44.0,67.0,81.0,54.0,14.0,5.0,22.0,19.0,14.0,24.0
230241.0,4.0,15.0,81.0,41.0,2.0,57.0,69.0,82.0,57.0,14.0,7.0,21.0,17.0,11.0,22.0
230244.0,15.0,27.0,58.0,48.0,18.0,34.0,47.0,65.0,29.0,32.0,16.0,48.0,21.0,19.0,23.0
230254.0,7.0,20.0,73.0,50.0,8.0,42.0,53.0,71.0,35.0,27.0,12.0,41.0,20.0,17.0,24.0
230259.0,4.0,17.0,79.0,44.0,5.0,51.0,67.0,82.0,52.0,15.0,4.0,27.0,18.0,14.0,21.0
230264.0,6.0,17.0,77.0,46.0,6.0,48.0,65.0,75.0,56.0,12.0,12.0,12.0,23.0,13.0,32.0
230269.0,11.0,21.0,68.0,50.0,6.0,44.0,57.0,73.0,40.0,24.0,10.0,38.0,19.0,17.0,22.0
230270.0,16.0,29.0,55.0,53.0,15.0,32.0,47.0,64.0,30.0,32.0,15.0,48.0,21.0,21.0,22.0
230273.0,28.0,21.0,51.0,47.0,23.0,30.0,47.0,61.0,34.0,36.0,23.0,50.0,17.0,16.0,16.0
230277.0,12.0,28.0,60.0,53.0,10.0,37.0,54.0,69.0,40.0,26.0,12.0,41.0,20.0,19.0,19.0
230297.0,4.0,18.0,78.0,43.0,4.0,53.0,70.0,83.0,56.0,14.0,5.0,23.0,16.0,12.0,21.0
230301.0,13.0,20.0,67.0,40.0,12.0,48.0,66.0,83.0,49.0,21.0,7.0,35.0,13.0,10.0,16.0
230302.0,9.0,22.0,69.0,50.0,7.0,43.0,59.0,73.0,45.0,24.0,11.0,37.0,17.0,16.0,18.0
230303.0,5.0,21.0,74.0,53.0,2.0,45.0,67.0,84.0,51.0,16.0,9.0,23.0,17.0,7.0,26.0
231303.0,3.0,15.0,82.0,45.0,3.0,52.0,70.0,85.0,55.0,17.0,4.0,31.0,13.0,11.0,14.0
231304.0,8.0,25.0,67.0,43.0,8.0,49.0,68.0,86.0,50.0,17.0,5.0,29.0,15.0,9.0,21.0
231305.0,3.0,13.0,84.0,39.0,2.0,59.0,67.0,83.0,51.0,13.0,5.0,21.0,20.0,12.0,28.0
231306.0,4.0,6.0,90.0,43.0,4.0,53.0,81.0,94.0,64.0,3.0,1.0,5.0,16.0,5.0,31.0
231307.0,6.0,25.0,69.0,64.0,7.0,29.0,57.0,78.0,35.0,18.0,2.0,34.0,25.0,20.0,31.0
231310.0,2.0,5.0,93.0,30.0,1.0,69.0,83.0,96.0,68.0,6.0,1.0,12.0,11.0,3.0,20.0
231315.0,7.0,30.0,63.0,44.0,9.0,47.0,58.0,72.0,44.0,23.0,9.0,36.0,19.0,19.0,20.0
231316.0,2.0,14.0,84.0,49.0,2.0,49.0,64.0,79.0,49.0,12.0,9.0,16.0,24.0,12.0,35.0
231318.0,6.0,13.0,81.0,50.0,2.0,48.0,68.0,82.0,56.0,15.0,8.0,21.0,17.0,10.0,23.0
231319.0,4.0,25.0,71.0,49.0,9.0,42.0,47.0,68.0,27.0,29.0,15.0,43.0,24.0,17.0,30.0
231320.0,4.0,12.0,84.0,44.0,3.0,53.0,66.0,76.0,55.0,16.0,7.0,27.0,18.0,17.0,18.0
231321.0,7.0,20.0,73.0,41.0,7.0,52.0,67.0,80.0,54.0,17.0,6.0,29.0,16.0,14.0,17.0
231322.0,5.0,13.0,82.0,47.0,5.0,48.0,70.0,85.0,56.0,12.0,4.0,21.0,18.0,11.0,23.0
231323.0,5.0,13.0,82.0,47.92933860938384,7.513284341435839,44.55737704918032,74.0,73.75409836065573,46.33945732052007,2.0,10.00423968343697,31.51271905031091,24.0,16.241661955907293,22.14782362916902
231324.0,3.0,9.0,88.0,39.0,2.0,59.0,67.0,87.0,46.0,16.0,4.0,30.0,17.0,9.0,24.0
231325.0,2.0,9.0,89.0,38.0,4.0,58.0,72.0,86.0,60.0,12.0,0.0,25.0,16.0,14.0,15.0
231326.0,0.0,16.0,84.0,46.0,5.0,49.0,63.0,79.0,48.0,15.0,5.0,25.0,22.0,16.0,27.0
231327.0,4.0,20.0,76.0,51.0,6.0,43.0,52.0,67.0,38.0,23.0,10.0,36.0,25.0,23.0,26.0
231328.0,5.0,21.0,74.0,49.0,2.0,49.0,62.0,83.0,41.0,12.0,0.0,24.0,26.0,17.0,35.0
231330.0,1.0,22.0,77.0,47.92933860938384,7.513284341435839,44.55737704918032,78.0,73.75409836065573,46.33945732052007,5.0,10.00423968343697,31.51271905031091,17.0,16.241661955907293,22.14782362916902
231331.0,5.0,15.0,80.0,52.0,5.0,43.0,64.0,81.0,47.0,14.0,4.0,24.0,22.0,15.0,29.0
231332.0,2.0,17.0,81.0,43.0,2.0,55.0,66.0,76.0,56.0,16.0,10.0,23.0,18.0,14.0,21.0
231333.0,9.0,19.0,72.0,44.0,5.0,51.0,58.0,75.0,41.0,24.0,10.0,37.0,18.0,15.0,22.0
231337.0,4.0,21.0,75.0,50.0,5.0,45.0,66.0,81.0,51.0,14.0,5.0,23.0,20.0,14.0,26.0
231338.0,6.0,19.0,75.0,44.0,4.0,52.0,65.0,80.0,51.0,15.0,5.0,26.0,20.0,15.0,23.0
231339.0,6.0,22.0,72.0,56.0,3.0,41.0,58.0,71.0,44.0,19.0,9.0,29.0,23.0,20.0,27.0
240001.0,10.0,23.0,67.0,52.0,8.0,40.0,55.0,69.0,41.0,23.0,11.0,34.0,22.0,20.0,25.0
240002.0,10.0,27.0,63.0,50.0,4.0,46.0,61.0,75.0,46.0,18.0,7.0,29.0,21.0,18.0,25.0
240004.0,13.0,25.0,62.0,48.0,9.0,43.0,52.0,65.0,40.0,25.0,14.0,36.0,23.0,21.0,24.0
240006.0,3.0,13.0,84.0,45.0,4.0,51.0,67.0,80.0,53.0,16.0,8.0,23.0,17.0,12.0,24.0
240010.0,4.0,10.0,86.0,39.0,3.0,58.0,66.0,78.0,53.0,16.0,7.0,25.0,18.0,15.0,22.0
240014.0,3.0,15.0,82.0,43.0,4.0,53.0,63.0,71.0,54.0,19.0,10.0,28.0,18.0,19.0,18.0
240018.0,6.0,21.0,73.0,49.0,5.0,46.0,64.0,78.0,51.0,14.0,6.0,21.0,22.0,16.0,28.0
240019.0,10.0,18.0,72.0,45.0,8.0,47.0,59.0,71.0,47.0,19.0,9.0,29.0,22.0,20.0,24.0
240020.0,5.0,30.0,65.0,51.0,3.0,46.0,62.0,76.0,48.0,17.0,5.0,28.0,21.0,19.0,24.0
240022.0,6.0,18.0,76.0,57.0,4.0,39.0,64.0,76.0,53.0,16.0,6.0,26.0,20.0,18.0,21.0
240030.0,6.0,21.0,73.0,50.0,3.0,47.0,60.0,75.0,45.0,17.0,6.0,28.0,23.0,19.0,27.0
240036.0,7.0,19.0,74.0,49.0,5.0,46.0,60.0,73.0,48.0,18.0,9.0,27.0,22.0,18.0,25.0
240038.0,11.0,23.0,66.0,51.0,7.0,42.0,59.0,73.0,44.0,22.0,12.0,32.0,19.0,15.0,24.0
240040.0,10.0,21.0,69.0,58.0,4.0,38.0,60.0,74.0,46.0,17.0,8.0,25.0,23.0,18.0,29.0
240043.0,9.0,28.0,63.0,55.0,6.0,39.0,55.0,68.0,43.0,22.0,11.0,32.0,23.0,21.0,25.0
240044.0,7.0,28.0,65.0,44.0,6.0,50.0,67.0,82.0,53.0,16.0,4.0,28.0,17.0,14.0,19.0
240047.0,7.0,22.0,71.0,49.0,5.0,46.0,63.0,78.0,49.0,18.0,7.0,28.0,19.0,15.0,23.0
240050.0,8.0,25.0,67.0,49.0,8.0,43.0,59.0,72.0,47.0,20.0,9.0,31.0,21.0,19.0,22.0
240052.0,4.0,16.0,80.0,41.0,4.0,55.0,68.0,81.0,56.0,13.0,4.0,22.0,19.0,15.0,22.0
240053.0,6.0,18.0,76.0,48.0,7.0,45.0,56.0,71.0,42.0,21.0,9.0,33.0,23.0,20.0,25.0
240056.0,3.0,17.0,80.0,46.0,3.0,51.0,60.0,76.0,45.0,19.0,7.0,30.0,21.0,17.0,25.0
240057.0,7.0,20.0,73.0,48.0,6.0,46.0,57.0,72.0,41.0,21.0,8.0,34.0,22.0,20.0,25.0
240064.0,6.0,20.0,74.0,52.0,5.0,43.0,70.0,80.0,60.0,15.0,9.0,22.0,15.0,11.0,18.0
240066.0,3.0,12.0,85.0,45.0,3.0,52.0,69.0,83.0,55.0,14.0,5.0,23.0,17.0,12.0,22.0
240069.0,8.0,25.0,67.0,54.0,4.0,42.0,62.0,78.0,46.0,16.0,6.0,26.0,22.0,16.0,28.0
240071.0,7.0,21.0,72.0,45.0,6.0,49.0,62.0,77.0,47.0,16.0,7.0,25.0,22.0,16.0,28.0
240075.0,7.0,24.0,69.0,50.0,4.0,46.0,59.0,72.0,46.0,17.0,8.0,25.0,24.0,20.0,29.0
240076.0,6.0,20.0,74.0,45.0,5.0,50.0,66.0,80.0,52.0,16.0,8.0,25.0,18.0,12.0,23.0
240078.0,7.0,26.0,67.0,48.0,7.0,45.0,57.0,73.0,41.0,24.0,12.0,37.0,19.0,15.0,22.0
240080.0,10.0,21.0,69.0,43.0,7.0,50.0,57.0,70.0,44.0,21.0,10.0,32.0,22.0,20.0,24.0
240084.0,7.0,28.0,65.0,52.0,6.0,42.0,60.0,73.0,47.0,22.0,10.0,34.0,18.0,17.0,19.0
240088.0,8.0,22.0,70.0,57.0,4.0,39.0,59.0,72.0,46.0,19.0,8.0,30.0,22.0,20.0,24.0
240093.0,6.0,21.0,73.0,46.0,5.0,49.0,61.0,73.0,49.0,19.0,8.0,29.0,20.0,19.0,22.0
240100.0,9.0,25.0,66.0,50.0,6.0,44.0,63.0,76.0,51.0,17.0,7.0,27.0,20.0,17.0,22.0
240101.0,7.0,23.0,70.0,49.0,7.0,44.0,63.0,74.0,51.0,18.0,10.0,26.0,19.0,16.0,23.0
240104.0,8.0,20.0,72.0,47.0,6.0,47.0,60.0,74.0,47.0,21.0,10.0,33.0,19.0,16.0,20.0
240106.0,7.0,23.0,70.0,48.0,7.0,45.0,54.0,69.0,38.0,24.0,11.0,38.0,22.0,20.0,24.0
240115.0,8.0,20.0,72.0,55.0,4.0,41.0,58.0,72.0,44.0,18.0,7.0,29.0,24.0,21.0,27.0
240141.0,6.0,15.0,79.0,42.0,4.0,54.0,64.0,74.0,55.0,17.0,10.0,24.0,19.0,16.0,21.0
240166.0,5.0,19.0,76.0,41.0,6.0,53.0,61.0,73.0,49.0,15.0,8.0,23.0,24.0,19.0,28.0
240187.0,4.0,19.0,77.0,54.0,3.0,43.0,66.0,79.0,54.0,15.0,4.0,25.0,19.0,17.0,21.0
240207.0,11.0,26.0,63.0,52.0,7.0,41.0,60.0,76.0,43.0,20.0,9.0,31.0,20.0,15.0,26.0
240210.0,8.0,30.0,62.0,53.0,7.0,40.0,54.0,68.0,40.0,24.0,12.0,36.0,22.0,20.0,24.0
240213.0,11.0,22.0,67.0,46.0,8.0,46.0,56.0,71.0,40.0,22.0,10.0,35.0,22.0,19.0,25.0
240214.0,6.0,17.0,77.0,49.0,6.0,45.0,61.0,78.0,43.0,18.0,7.0,29.0,21.0,15.0,28.0
241301.0,3.0,9.0,88.0,47.92933860938384,7.513284341435839,44.55737704918032,55.0,73.75409836065573,46.33945732052007,15.0,10.00423968343697,31.51271905031091,30.0,16.241661955907293,22.14782362916902
241305.0,1.0,10.0,89.0,35.0,3.0,62.0,72.0,83.0,61.0,13.0,5.0,20.0,15.0,12.0,19.0
241306.0,3.0,13.0,84.0,47.0,2.0,51.0,64.0,80.0,48.0,13.0,2.0,26.0,23.0,18.0,26.0
241308.0,0.0,5.0,95.0,30.0,0.0,70.0,84.0,85.0,79.0,7.0,4.0,12.0,9.0,11.0,9.0
241309.0,1.0,30.0,69.0,47.92933860938384,7.513284341435839,44.55737704918032,64.0,73.75409836065573,46.33945732052007,16.0,10.00423968343697,31.51271905031091,20.0,16.241661955907293,22.14782362916902
241312.0,2.0,12.0,86.0,47.92933860938384,7.513284341435839,44.55737704918032,71.0,73.75409836065573,46.33945732052007,14.0,10.00423968343697,31.51271905031091,15.0,16.241661955907293,22.14782362916902
241314.0,3.0,11.0,86.0,47.92933860938384,7.513284341435839,44.55737704918032,53.0,73.75409836065573,46.33945732052007,14.0,10.00423968343697,31.51271905031091,33.0,16.241661955907293,22.14782362916902
241316.0,0.0,9.0,91.0,47.92933860938384,7.513284341435839,44.55737704918032,82.0,73.75409836065573,46.33945732052007,13.0,10.00423968343697,31.51271905031091,5.0,16.241661955907293,22.14782362916902
241317.0,0.0,10.0,90.0,47.92933860938384,7.513284341435839,44.55737704918032,78.0,73.75409836065573,46.33945732052007,3.0,10.00423968343697,31.51271905031091,19.0,16.241661955907293,22.14782362916902
241318.0,0.0,9.0,91.0,40.0,0.0,60.0,77.0,95.0,57.0,7.0,4.0,10.0,16.0,1.0,33.0
241319.0,2.0,15.0,83.0,41.0,0.0,59.0,69.0,77.0,62.0,10.0,0.0,22.0,21.0,23.0,16.0
241320.0,5.0,11.0,84.0,44.0,6.0,50.0,65.0,77.0,52.0,15.0,10.0,19.0,20.0,13.0,29.0
241322.0,6.0,23.0,71.0,48.0,3.0,49.0,70.0,81.0,59.0,14.0,5.0,24.0,16.0,14.0,17.0
241323.0,3.0,6.0,91.0,37.0,5.0,58.0,80.0,89.0,69.0,5.0,3.0,8.0,15.0,8.0,23.0
241325.0,5.0,15.0,80.0,40.0,5.0,55.0,68.0,84.0,52.0,12.0,4.0,20.0,20.0,12.0,28.0
241326.0,7.0,16.0,77.0,51.0,3.0,46.0,62.0,74.0,49.0,15.0,11.0,19.0,23.0,15.0,32.0
241327.0,3.0,5.0,92.0,47.92933860938384,7.513284341435839,44.55737704918032,75.0,73.75409836065573,46.33945732052007,7.0,10.00423968343697,31.51271905031091,18.0,16.241661955907293,22.14782362916902
241328.0,7.0,12.0,81.0,47.92933860938384,7.513284341435839,44.55737704918032,69.0,73.75409836065573,46.33945732052007,7.0,10.00423968343697,31.51271905031091,24.0,16.241661955907293,22.14782362916902
241329.0,8.0,16.0,76.0,48.0,4.0,48.0,60.0,72.0,47.0,18.0,10.0,26.0,22.0,18.0,27.0
241330.0,2.0,10.0,88.0,42.0,2.0,56.0,65.0,81.0,49.0,9.0,7.0,12.0,26.0,12.0,39.0
241332.0,7.0,17.0,76.0,34.0,6.0,60.0,70.0,87.0,53.0,12.0,8.0,16.0,18.0,5.0,31.0
241333.0,2.0,14.0,84.0,45.0,2.0,53.0,59.0,66.0,53.0,11.0,4.0,19.0,30.0,30.0,28.0
241334.0,2.0,7.0,91.0,34.0,4.0,62.0,77.0,87.0,67.0,9.0,3.0,15.0,14.0,10.0,18.0
241335.0,5.0,19.0,76.0,46.0,3.0,51.0,57.0,70.0,45.0,12.0,6.0,18.0,31.0,24.0,37.0
241336.0,0.0,7.0,93.0,47.92933860938384,7.513284341435839,44.55737704918032,80.0,73.75409836065573,46.33945732052007,5.0,10.00423968343697,31.51271905031091,15.0,16.241661955907293,22.14782362916902
241338.0,1.0,14.0,85.0,40.0,3.0,57.0,74.0,85.0,61.0,9.0,3.0,16.0,17.0,12.0,23.0
241340.0,3.0,16.0,81.0,46.0,4.0,50.0,62.0,73.0,52.0,12.0,6.0,18.0,26.0,21.0,30.0
241342.0,5.0,10.0,85.0,35.0,1.0,64.0,80.0,93.0,68.0,10.0,3.0,17.0,10.0,4.0,15.0
241343.0,4.0,8.0,88.0,47.92933860938384,7.513284341435839,44.55737704918032,79.0,73.75409836065573,46.33945732052007,9.0,10.00423968343697,31.51271905031091,12.0,16.241661955907293,22.14782362916902
241344.0,5.0,16.0,79.0,51.0,3.0,46.0,62.0,74.0,50.0,18.0,7.0,28.0,20.0,19.0,22.0
241345.0,3.0,13.0,84.0,47.0,4.0,49.0,74.0,84.0,65.0,8.0,4.0,13.0,18.0,12.0,22.0
241346.0,3.0,19.0,78.0,40.0,4.0,56.0,65.0,80.0,49.0,10.0,6.0,14.0,25.0,14.0,37.0
241347.0,0.0,13.0,87.0,47.92933860938384,7.513284341435839,44.55737704918032,76.0,73.75409836065573,46.33945732052007,4.0,10.00423968343697,31.51271905031091,20.0,16.241661955907293,22.14782362916902
241349.0,3.0,15.0,82.0,41.0,4.0,55.0,71.0,87.0,54.0,18.0,8.0,29.0,11.0,5.0,17.0
241350.0,7.0,18.0,75.0,57.0,3.0,40.0,69.0,86.0,52.0,14.0,3.0,25.0,17.0,11.0,23.0
241351.0,12.0,14.0,74.0,51.0,0.0,49.0,75.0,92.0,56.0,7.0,1.0,13.0,18.0,7.0,31.0
241353.0,6.0,12.0,82.0,33.0,4.0,63.0,71.0,84.0,57.0,14.0,7.0,22.0,15.0,9.0,21.0
241354.0,4.0,15.0,81.0,45.0,3.0,52.0,64.0,75.0,54.0,17.0,10.0,24.0,19.0,15.0,22.0
241355.0,4.0,13.0,83.0,43.0,2.0,55.0,69.0,77.0,60.0,13.0,9.0,17.0,18.0,14.0,23.0
241356.0,6.0,24.0,70.0,54.0,5.0,41.0,52.0,60.0,44.0,18.0,14.0,24.0,30.0,26.0,32.0
241357.0,2.0,9.0,89.0,40.0,2.0,58.0,62.0,77.0,48.0,16.0,4.0,29.0,22.0,19.0,23.0
241359.0,8.0,28.0,64.0,53.0,5.0,42.0,61.0,73.0,48.0,20.0,8.0,31.0,19.0,19.0,21.0
241360.0,9.0,17.0,74.0,38.0,12.0,50.0,60.0,72.0,47.0,15.0,4.0,27.0,25.0,24.0,26.0
241361.0,4.0,16.0,80.0,44.0,6.0,50.0,63.0,80.0,46.0,16.0,8.0,23.0,21.0,12.0,31.0
241362.0,8.0,15.0,77.0,39.0,8.0,53.0,66.0,77.0,54.0,13.0,3.0,22.0,21.0,20.0,24.0
241363.0,1.0,21.0,78.0,45.0,4.0,51.0,64.0,77.0,51.0,15.0,7.0,24.0,21.0,16.0,25.0
241364.0,6.0,16.0,78.0,47.0,4.0,49.0,67.0,80.0,54.0,9.0,2.0,17.0,24.0,18.0,29.0
241365.0,6.0,20.0,74.0,47.92933860938384,7.513284341435839,44.55737704918032,76.0,73.75409836065573,46.33945732052007,3.0,10.00423968343697,31.51271905031091,21.0,16.241661955907293,22.14782362916902
241366.0,9.0,20.0,71.0,43.0,4.0,53.0,70.0,79.0,61.0,14.0,9.0,19.0,16.0,12.0,20.0
241367.0,4.0,18.0,78.0,44.0,5.0,51.0,65.0,78.0,51.0,14.0,7.0,21.0,21.0,15.0,28.0
241368.0,5.0,16.0,79.0,52.0,4.0,44.0,70.0,85.0,56.0,8.0,2.0,15.0,22.0,13.0,29.0
241369.0,5.0,10.0,85.0,38.0,2.0,60.0,67.0,78.0,56.0,13.0,7.0,20.0,20.0,15.0,24.0
241370.0,8.0,18.0,74.0,47.0,5.0,48.0,67.0,82.0,53.0,13.0,6.0,20.0,20.0,12.0,27.0
241371.0,3.0,19.0,78.0,51.0,4.0,45.0,60.0,76.0,44.0,16.0,7.0,25.0,24.0,17.0,31.0
241373.0,3.0,12.0,85.0,40.0,2.0,58.0,69.0,84.0,53.0,16.0,10.0,23.0,15.0,6.0,24.0
241374.0,1.0,14.0,85.0,53.0,5.0,42.0,71.0,83.0,60.0,8.0,3.0,12.0,21.0,14.0,28.0
241376.0,1.0,13.0,86.0,38.0,1.0,61.0,70.0,84.0,55.0,8.0,1.0,15.0,22.0,15.0,30.0
241377.0,4.0,16.0,80.0,47.92933860938384,7.513284341435839,44.55737704918032,53.0,73.75409836065573,46.33945732052007,10.0,10.00423968343697,31.51271905031091,37.0,16.241661955907293,22.14782362916902
241378.0,4.0,18.0,78.0,46.0,4.0,50.0,63.0,76.0,50.0,15.0,5.0,25.0,22.0,19.0,25.0
241380.0,6.0,22.0,72.0,48.0,2.0,50.0,69.0,81.0,57.0,13.0,6.0,21.0,18.0,13.0,22.0
241381.0,7.0,29.0,64.0,66.0,0.0,34.0,59.0,72.0,47.0,15.0,6.0,24.0,26.0,22.0,29.0
250001.0,9.0,19.0,72.0,48.0,8.0,44.0,60.0,73.0,47.0,23.0,12.0,34.0,17.0,15.0,19.0
250002.0,4.0,9.0,87.0,31.0,2.0,67.0,77.0,86.0,69.0,12.0,6.0,18.0,11.0,8.0,13.0
250004.0,12.0,21.0,67.0,50.0,7.0,43.0,58.0,71.0,45.0,25.0,12.0,39.0,17.0,17.0,16.0
250006.0,6.0,13.0,81.0,44.0,3.0,53.0,69.0,82.0,56.0,13.0,5.0,21.0,18.0,13.0,23.0
250007.0,20.0,25.0,55.0,48.0,12.0,40.0,54.0,65.0,42.0,28.0,18.0,38.0,18.0,17.0,20.0
250009.0,9.0,16.0,75.0,41.0,5.0,54.0,60.0,73.0,46.0,22.0,11.0,32.0,18.0,16.0,22.0
250019.0,8.0,23.0,69.0,51.0,6.0,43.0,62.0,76.0,49.0,18.0,8.0,27.0,20.0,16.0,24.0
250020.0,12.0,15.0,73.0,51.0,4.0,45.0,70.0,82.0,58.0,16.0,4.0,28.0,14.0,14.0,14.0
250025.0,4.0,15.0,81.0,43.0,3.0,54.0,75.0,89.0,61.0,13.0,3.0,22.0,12.0,8.0,17.0
250027.0,19.0,35.0,46.0,47.92933860938384,7.513284341435839,44.55737704918032,58.0,73.75409836065573,46.33945732052007,37.0,10.00423968343697,31.51271905031091,5.0,16.241661955907293,22.14782362916902
250031.0,17.0,27.0,56.0,51.0,12.0,37.0,60.0,73.0,47.0,24.0,13.0,36.0,16.0,14.0,17.0
250034.0,6.0,16.0,78.0,43.0,8.0,49.0,61.0,74.0,49.0,20.0,11.0,30.0,19.0,15.0,21.0
250036.0,5.0,26.0,69.0,43.0,8.0,49.0,60.0,62.0,58.0,17.0,17.0,18.0,23.0,21.0,24.0
250038.0,6.0,14.0,80.0,42.0,8.0,50.0,70.0,81.0,59.0,13.0,9.0,18.0,17.0,10.0,23.0
250040.0,7.0,21.0,72.0,50.0,5.0,45.0,61.0,74.0,48.0,20.0,10.0,31.0,19.0,16.0,21.0
250042.0,12.0,28.0,60.0,59.0,10.0,31.0,64.0,77.0,51.0,18.0,9.0,27.0,18.0,14.0,22.0
250043.0,7.0,17.0,76.0,43.0,7.0,50.0,67.0,82.0,51.0,14.0,6.0,22.0,19.0,12.0,27.0
250044.0,2.0,11.0,87.0,34.0,1.0,65.0,80.0,91.0,69.0,8.0,0.0,17.0,12.0,9.0,14.0
250048.0,11.0,22.0,67.0,51.0,9.0,40.0,56.0,71.0,42.0,26.0,13.0,40.0,18.0,16.0,18.0
250050.0,8.0,27.0,65.0,54.0,8.0,38.0,59.0,75.0,44.0,21.0,10.0,32.0,20.0,15.0,24.0
250057.0,4.0,17.0,79.0,44.0,4.0,52.0,67.0,76.0,58.0,17.0,9.0,23.0,16.0,15.0,19.0
250058.0,9.0,22.0,69.0,54.0,9.0,37.0,54.0,67.0,41.0,25.0,13.0,37.0,21.0,20.0,22.0
250061.0,4.0,16.0,80.0,47.92933860938384,7.513284341435839,44.55737704918032,49.0,73.75409836065573,46.33945732052007,29.0,10.00423968343697,31.51271905031091,22.0,16.241661955907293,22.14782362916902
250067.0,16.0,14.0,70.0,51.0,10.0,39.0,61.0,69.0,53.0,24.0,12.0,37.0,15.0,19.0,10.0
250069.0,10.0,25.0,65.0,54.0,7.0,39.0,59.0,72.0,46.0,22.0,10.0,35.0,19.0,18.0,19.0
250072.0,23.0,28.0,49.0,52.0,13.0,35.0,51.0,67.0,35.0,37.0,19.0,54.0,12.0,14.0,11.0
250077.0,9.0,27.0,64.0,54.0,13.0,33.0,62.0,69.0,56.0,22.0,20.0,25.0,16.0,11.0,19.0
250078.0,8.0,20.0,72.0,51.0,7.0,42.0,62.0,76.0,47.0,20.0,9.0,30.0,18.0,15.0,23.0
250082.0,12.0,26.0,62.0,57.0,11.0,32.0,56.0,70.0,42.0,24.0,12.0,35.0,20.0,18.0,23.0
250084.0,15.0,28.0,57.0,51.0,10.0,39.0,58.0,71.0,45.0,26.0,14.0,38.0,16.0,15.0,17.0
250085.0,7.0,15.0,78.0,40.0,8.0,52.0,78.0,92.0,63.0,8.0,0.0,16.0,14.0,8.0,21.0
250093.0,10.0,27.0,63.0,54.0,9.0,37.0,63.0,76.0,50.0,19.0,8.0,30.0,18.0,16.0,20.0
250094.0,11.0,17.0,72.0,51.0,8.0,41.0,61.0,75.0,47.0,21.0,10.0,32.0,18.0,15.0,21.0
250095.0,6.0,15.0,79.0,39.0,12.0,49.0,60.0,67.0,53.0,20.0,13.0,28.0,20.0,20.0,19.0
250096.0,15.0,15.0,70.0,38.0,16.0,46.0,48.0,52.0,43.0,33.0,25.0,40.0,19.0,23.0,17.0
250097.0,8.0,28.0,64.0,54.0,8.0,38.0,55.0,68.0,43.0,24.0,13.0,34.0,21.0,19.0,23.0
250099.0,13.0,19.0,68.0,45.0,10.0,45.0,54.0,72.0,35.0,36.0,22.0,49.0,10.0,6.0,16.0
250100.0,8.0,17.0,75.0,46.0,5.0,49.0,62.0,75.0,49.0,20.0,12.0,28.0,18.0,13.0,23.0
250102.0,8.0,20.0,72.0,49.0,7.0,44.0,60.0,74.0,45.0,21.0,9.0,33.0,19.0,17.0,22.0
250104.0,5.0,23.0,72.0,52.0,6.0,42.0,64.0,78.0,49.0,19.0,8.0,29.0,17.0,14.0,22.0
250117.0,6.0,29.0,65.0,44.0,13.0,43.0,58.0,70.0,47.0,21.0,13.0,29.0,21.0,17.0,24.0
250123.0,9.0,21.0,70.0,51.0,8.0,41.0,59.0,71.0,48.0,24.0,11.0,36.0,17.0,18.0,16.0
250124.0,13.0,29.0,58.0,56.0,6.0,38.0,69.0,78.0,61.0,19.0,18.0,19.0,12.0,4.0,20.0
250136.0,7.0,18.0,75.0,46.0,6.0,48.0,61.0,75.0,47.0,22.0,11.0,33.0,17.0,14.0,20.0
250138.0,18.0,29.0,53.0,53.0,13.0,34.0,54.0,68.0,40.0,28.0,14.0,42.0,18.0,18.0,18.0
250141.0,14.0,22.0,64.0,52.0,12.0,36.0,58.0,73.0,43.0,27.0,15.0,38.0,15.0,12.0,19.0
250162.0,5.0,23.0,72.0,44.0,4.0,52.0,67.0,80.0,53.0,19.0,13.0,25.0,14.0,7.0,22.0
250167.0,6.0,18.0,76.0,50.0,8.0,42.0,58.0,72.0,45.0,22.0,11.0,32.0,20.0,17.0,23.0
250168.0,10.0,17.0,73.0,46.0,5.0,49.0,67.0,76.0,57.0,18.0,11.0,24.0,15.0,13.0,19.0
250172.0,2.0,19.0,79.0,47.92933860938384,7.513284341435839,44.55737704918032,60.0,73.75409836065573,46.33945732052007,21.0,10.00423968343697,31.51271905031091,19.0,16.241661955907293,22.14782362916902
251300.0,2.0,22.0,76.0,47.92933860938384,7.513284341435839,44.55737704918032,67.0,73.75409836065573,46.33945732052007,4.0,10.00423968343697,31.51271905031091,29.0,16.241661955907293,22.14782362916902
251304.0,0.0,5.0,95.0,33.0,1.0,66.0,82.0,89.0,74.0,9.0,5.0,13.0,9.0,6.0,13.0
251308.0,7.0,19.0,74.0,47.92933860938384,7.513284341435839,44.55737704918032,71.0,73.75409836065573,46.33945732052007,6.0,10.00423968343697,31.51271905031091,23.0,16.241661955907293,22.14782362916902
251312.0,4.0,18.0,78.0,55.0,4.0,41.0,58.0,64.0,52.0,18.0,13.0,23.0,24.0,23.0,25.0
251313.0,10.0,32.0,58.0,47.92933860938384,7.513284341435839,44.55737704918032,77.0,73.75409836065573,46.33945732052007,10.0,10.00423968343697,31.51271905031091,13.0,16.241661955907293,22.14782362916902
251315.0,5.0,6.0,89.0,47.92933860938384,7.513284341435839,44.55737704918032,66.0,73.75409836065573,46.33945732052007,16.0,10.00423968343697,31.51271905031091,18.0,16.241661955907293,22.14782362916902
251316.0,11.0,14.0,75.0,47.92933860938384,7.513284341435839,44.55737704918032,69.0,73.75409836065573,46.33945732052007,14.0,10.00423968343697,31.51271905031091,17.0,16.241661955907293,22.14782362916902
251317.0,0.0,7.0,93.0,47.92933860938384,7.513284341435839,44.55737704918032,84.0,73.75409836065573,46.33945732052007,4.0,10.00423968343697,31.51271905031091,12.0,16.241661955907293,22.14782362916902
251322.0,10.0,31.0,59.0,47.92933860938384,7.513284341435839,44.55737704918032,76.0,73.75409836065573,46.33945732052007,8.0,10.00423968343697,31.51271905031091,16.0,16.241661955907293,22.14782362916902
251323.0,0.0,16.0,84.0,47.92933860938384,7.513284341435839,44.55737704918032,59.0,73.75409836065573,46.33945732052007,18.0,10.00423968343697,31.51271905031091,23.0,16.241661955907293,22.14782362916902
251327.0,7.0,14.0,79.0,47.92933860938384,7.513284341435839,44.55737704918032,60.0,73.75409836065573,46.33945732052007,28.0,10.00423968343697,31.51271905031091,12.0,16.241661955907293,22.14782362916902
251331.0,0.0,17.0,83.0,47.92933860938384,7.513284341435839,44.55737704918032,75.0,73.75409836065573,46.33945732052007,13.0,10.00423968343697,31.51271905031091,12.0,16.241661955907293,22.14782362916902
251334.0,4.0,17.0,79.0,41.0,9.0,50.0,67.0,78.0,56.0,20.0,10.0,30.0,13.0,12.0,14.0
251335.0,2.0,23.0,75.0,47.92933860938384,7.513284341435839,44.55737704918032,67.0,73.75409836065573,46.33945732052007,16.0,10.00423968343697,31.51271905031091,17.0,16.241661955907293,22.14782362916902
251336.0,5.0,24.0,71.0,60.0,10.0,30.0,58.0,78.0,38.0,25.0,11.0,40.0,17.0,11.0,22.0
251337.0,7.0,10.0,83.0,47.92933860938384,7.513284341435839,44.55737704918032,76.0,73.75409836065573,46.33945732052007,9.0,10.00423968343697,31.51271905031091,15.0,16.241661955907293,22.14782362916902
260001.0,10.0,21.0,69.0,50.0,8.0,42.0,56.0,67.0,44.0,26.0,14.0,39.0,18.0,19.0,17.0
260005.0,7.0,25.0,68.0,50.0,7.0,43.0,53.0,68.0,39.0,26.0,13.0,39.0,21.0,19.0,22.0
260006.0,8.0,21.0,71.0,52.0,4.0,44.0,57.0,70.0,44.0,20.0,9.0,31.0,23.0,21.0,25.0
260009.0,7.0,29.0,64.0,53.0,6.0,41.0,56.0,72.0,40.0,20.0,10.0,29.0,24.0,18.0,31.0
260011.0,8.0,21.0,71.0,49.0,5.0,46.0,56.0,70.0,42.0,24.0,11.0,38.0,20.0,19.0,20.0
260017.0,5.0,20.0,75.0,48.0,8.0,44.0,57.0,68.0,47.0,21.0,11.0,31.0,22.0,21.0,22.0
260020.0,12.0,20.0,68.0,50.0,9.0,41.0,50.0,65.0,35.0,27.0,11.0,42.0,23.0,24.0,23.0
260022.0,12.0,28.0,60.0,52.0,10.0,38.0,53.0,69.0,36.0,23.0,10.0,36.0,24.0,21.0,28.0
260023.0,7.0,22.0,71.0,54.0,7.0,39.0,57.0,72.0,42.0,27.0,14.0,40.0,16.0,14.0,18.0
260024.0,3.0,23.0,74.0,54.0,2.0,44.0,58.0,66.0,50.0,21.0,9.0,33.0,21.0,25.0,17.0
260025.0,8.0,26.0,66.0,58.0,4.0,38.0,53.0,67.0,39.0,25.0,14.0,36.0,22.0,19.0,25.0
260027.0,15.0,25.0,60.0,53.0,8.0,39.0,51.0,64.0,39.0,26.0,15.0,38.0,23.0,21.0,23.0
260032.0,5.0,18.0,77.0,42.0,6.0,52.0,60.0,76.0,44.0,19.0,8.0,28.0,21.0,16.0,28.0
260034.0,3.0,28.0,69.0,47.92933860938384,7.513284341435839,44.55737704918032,68.0,73.75409836065573,46.33945732052007,13.0,10.00423968343697,31.51271905031091,19.0,16.241661955907293,22.14782362916902
260040.0,10.0,20.0,70.0,49.0,7.0,44.0,55.0,69.0,42.0,25.0,12.0,37.0,20.0,19.0,21.0
260047.0,6.0,20.0,74.0,53.0,6.0,41.0,56.0,69.0,42.0,23.0,11.0,34.0,21.0,20.0,24.0
260048.0,11.0,26.0,63.0,53.0,12.0,35.0,50.0,66.0,34.0,26.0,15.0,38.0,24.0,19.0,28.0
260050.0,5.0,19.0,76.0,45.0,3.0,52.0,65.0,77.0,54.0,14.0,5.0,23.0,21.0,18.0,23.0
260052.0,12.0,29.0,59.0,57.0,6.0,37.0,55.0,70.0,40.0,24.0,12.0,35.0,21.0,18.0,25.0
260057.0,8.0,24.0,68.0,48.0,7.0,45.0,55.0,67.0,44.0,26.0,14.0,37.0,19.0,19.0,19.0
260059.0,7.0,24.0,69.0,50.0,6.0,44.0,60.0,71.0,48.0,23.0,13.0,33.0,17.0,16.0,19.0
260061.0,12.0,27.0,61.0,63.0,9.0,28.0,52.0,66.0,37.0,29.0,15.0,42.0,19.0,19.0,21.0
260062.0,6.0,18.0,76.0,45.0,6.0,49.0,63.0,77.0,49.0,18.0,8.0,28.0,19.0,15.0,23.0
260065.0,12.0,26.0,62.0,54.0,8.0,38.0,53.0,67.0,39.0,28.0,14.0,43.0,19.0,19.0,18.0
260068.0,6.0,18.0,76.0,48.0,6.0,46.0,56.0,69.0,43.0,22.0,10.0,34.0,22.0,21.0,23.0
260070.0,22.0,26.0,52.0,47.92933860938384,7.513284341435839,44.55737704918032,77.0,73.75409836065573,46.33945732052007,22.0,10.00423968343697,31.51271905031091,1.0,16.241661955907293,22.14782362916902
260074.0,8.0,31.0,61.0,62.0,6.0,32.0,52.0,64.0,40.0,25.0,14.0,35.0,23.0,22.0,25.0
260077.0,17.0,27.0,56.0,49.0,11.0,40.0,48.0,62.0,33.0,33.0,18.0,47.0,19.0,20.0,20.0
260078.0,10.0,25.0,65.0,50.0,10.0,40.0,61.0,77.0,45.0,22.0,10.0,34.0,17.0,13.0,21.0
260081.0,7.0,20.0,73.0,51.0,5.0,44.0,52.0,65.0,38.0,27.0,11.0,42.0,21.0,24.0,20.0
260085.0,12.0,24.0,64.0,45.0,14.0,41.0,51.0,69.0,34.0,28.0,14.0,42.0,21.0,17.0,24.0
260091.0,12.0,24.0,64.0,48.0,11.0,41.0,55.0,70.0,40.0,25.0,13.0,38.0,20.0,17.0,22.0
260094.0,7.0,21.0,72.0,47.0,5.0,48.0,65.0,78.0,52.0,17.0,7.0,26.0,18.0,15.0,22.0
260095.0,11.0,26.0,63.0,54.0,8.0,38.0,50.0,64.0,36.0,27.0,14.0,41.0,23.0,22.0,23.0
260096.0,6.0,17.0,77.0,46.0,6.0,48.0,60.0,73.0,47.0,20.0,9.0,31.0,20.0,18.0,22.0
260097.0,8.0,25.0,67.0,46.0,7.0,47.0,61.0,74.0,48.0,22.0,10.0,33.0,17.0,16.0,19.0
260102.0,7.0,22.0,71.0,52.0,9.0,39.0,54.0,66.0,43.0,23.0,13.0,33.0,23.0,21.0,24.0
260104.0,19.0,24.0,57.0,46.0,16.0,38.0,48.0,63.0,33.0,35.0,21.0,49.0,17.0,16.0,18.0
260105.0,11.0,22.0,67.0,51.0,8.0,41.0,55.0,69.0,42.0,25.0,13.0,37.0,20.0,18.0,21.0
260108.0,5.0,18.0,77.0,41.0,6.0,53.0,58.0,74.0,43.0,20.0,7.0,33.0,22.0,19.0,24.0
260110.0,13.0,22.0,65.0,47.0,7.0,46.0,58.0,70.0,45.0,23.0,13.0,32.0,19.0,17.0,23.0
260113.0,12.0,21.0,67.0,52.0,9.0,39.0,60.0,74.0,46.0,26.0,15.0,37.0,14.0,11.0,17.0
260119.0,16.0,24.0,60.0,51.0,11.0,38.0,54.0,68.0,41.0,25.0,14.0,35.0,21.0,18.0,24.0
260137.0,8.0,24.0,68.0,56.0,4.0,40.0,55.0,68.0,43.0,24.0,11.0,37.0,21.0,21.0,20.0
260138.0,5.0,15.0,80.0,43.0,4.0,53.0,62.0,77.0,48.0,18.0,7.0,29.0,20.0,16.0,23.0
260141.0,7.0,22.0,71.0,48.0,9.0,43.0,55.0,70.0,41.0,21.0,11.0,31.0,24.0,19.0,28.0
260142.0,7.0,25.0,68.0,50.0,4.0,46.0,60.0,74.0,47.0,17.0,8.0,25.0,23.0,18.0,28.0
260160.0,9.0,27.0,64.0,60.0,6.0,34.0,64.0,81.0,48.0,14.0,5.0,23.0,22.0,14.0,29.0
260162.0,1.0,15.0,84.0,37.0,4.0,59.0,63.0,79.0,46.0,17.0,7.0,26.0,20.0,14.0,28.0
260163.0,7.0,27.0,66.0,42.0,8.0,50.0,54.0,72.0,37.0,25.0,12.0,37.0,21.0,16.0,26.0
260175.0,6.0,23.0,71.0,50.0,6.0,44.0,64.0,75.0,52.0,16.0,8.0,23.0,20.0,17.0,25.0
260176.0,4.0,17.0,79.0,47.0,5.0,48.0,64.0,79.0,49.0,17.0,8.0,26.0,19.0,13.0,25.0
260177.0,7.0,19.0,74.0,49.0,7.0,44.0,57.0,71.0,43.0,21.0,12.0,31.0,22.0,17.0,26.0
260179.0,5.0,15.0,80.0,44.0,5.0,51.0,59.0,74.0,45.0,22.0,9.0,34.0,19.0,17.0,21.0
260180.0,7.0,24.0,69.0,46.0,8.0,46.0,62.0,78.0,46.0,20.0,8.0,32.0,18.0,14.0,22.0
260183.0,8.0,19.0,73.0,47.0,6.0,47.0,57.0,73.0,42.0,23.0,11.0,35.0,20.0,16.0,23.0
260186.0,6.0,21.0,73.0,53.0,5.0,42.0,58.0,72.0,45.0,22.0,11.0,34.0,20.0,17.0,21.0
260190.0,9.0,25.0,66.0,50.0,10.0,40.0,51.0,63.0,39.0,25.0,14.0,36.0,24.0,23.0,25.0
260191.0,6.0,22.0,72.0,47.0,6.0,47.0,57.0,78.0,36.0,22.0,7.0,37.0,21.0,15.0,27.0
260193.0,10.0,27.0,63.0,45.0,12.0,43.0,50.0,69.0,31.0,31.0,15.0,47.0,19.0,16.0,22.0
260195.0,8.0,20.0,72.0,50.0,5.0,45.0,56.0,67.0,45.0,24.0,10.0,37.0,20.0,23.0,18.0
260200.0,10.0,24.0,66.0,46.0,7.0,47.0,58.0,74.0,42.0,26.0,11.0,40.0,16.0,15.0,18.0
260214.0,15.0,29.0,56.0,52.0,11.0,37.0,52.0,67.0,37.0,26.0,13.0,40.0,22.0,20.0,23.0
260216.0,6.0,19.0,75.0,47.0,6.0,47.0,61.0,75.0,46.0,21.0,8.0,33.0,18.0,17.0,21.0
260219.0,7.0,20.0,73.0,49.0,6.0,45.0,53.0,72.0,34.0,21.0,9.0,32.0,26.0,19.0,34.0
261301.0,13.0,7.0,80.0,47.92933860938384,7.513284341435839,44.55737704918032,70.0,73.75409836065573,46.33945732052007,4.0,10.00423968343697,31.51271905031091,26.0,16.241661955907293,22.14782362916902
261302.0,20.0,23.0,57.0,47.0,9.0,44.0,54.0,72.0,36.0,25.0,16.0,34.0,21.0,12.0,30.0
261303.0,1.0,7.0,92.0,52.0,0.0,48.0,51.0,61.0,42.0,23.0,14.0,33.0,26.0,25.0,25.0
261308.0,2.0,29.0,69.0,65.0,4.0,31.0,62.0,75.0,50.0,15.0,9.0,22.0,23.0,16.0,28.0
261309.0,0.0,16.0,84.0,47.92933860938384,7.513284341435839,44.55737704918032,70.0,73.75409836065573,46.33945732052007,6.0,10.00423968343697,31.51271905031091,24.0,16.241661955907293,22.14782362916902
261310.0,8.0,16.0,76.0,59.0,3.0,38.0,58.0,70.0,46.0,16.0,9.0,22.0,26.0,21.0,32.0
261311.0,7.0,21.0,72.0,51.0,3.0,46.0,61.0,74.0,48.0,21.0,12.0,30.0,18.0,14.0,22.0
261312.0,4.0,28.0,68.0,47.92933860938384,7.513284341435839,44.55737704918032,58.0,73.75409836065573,46.33945732052007,26.0,10.00423968343697,31.51271905031091,16.0,16.241661955907293,22.14782362916902
261316.0,2.0,14.0,84.0,48.0,2.0,50.0,67.0,81.0,54.0,13.0,5.0,22.0,20.0,14.0,24.0
261317.0,6.0,19.0,75.0,47.0,10.0,43.0,62.0,73.0,51.0,21.0,9.0,34.0,17.0,18.0,15.0
261318.0,15.0,34.0,51.0,52.0,14.0,34.0,48.0,62.0,34.0,30.0,17.0,43.0,22.0,21.0,23.0
261319.0,6.0,22.0,72.0,50.0,7.0,43.0,59.0,69.0,49.0,19.0,8.0,29.0,22.0,23.0,22.0
261320.0,3.0,19.0,78.0,46.0,2.0,52.0,74.0,83.0,66.0,8.0,3.0,14.0,18.0,14.0,20.0
261321.0,6.0,16.0,78.0,52.0,4.0,44.0,67.0,79.0,55.0,18.0,9.0,27.0,15.0,12.0,18.0
261322.0,4.0,8.0,88.0,47.92933860938384,7.513284341435839,44.55737704918032,76.0,73.75409836065573,46.33945732052007,10.0,10.00423968343697,31.51271905031091,14.0,16.241661955907293,22.14782362916902
261323.0,7.0,21.0,72.0,47.92933860938384,7.513284341435839,44.55737704918032,56.0,73.75409836065573,46.33945732052007,20.0,10.00423968343697,31.51271905031091,24.0,16.241661955907293,22.14782362916902
261324.0,5.0,15.0,80.0,43.0,6.0,51.0,65.0,82.0,48.0,18.0,12.0,24.0,17.0,6.0,28.0
261325.0,2.0,4.0,94.0,42.0,6.0,52.0,67.0,77.0,56.0,11.0,6.0,16.0,22.0,17.0,28.0
261327.0,2.0,25.0,73.0,47.92933860938384,7.513284341435839,44.55737704918032,68.0,73.75409836065573,46.33945732052007,7.0,10.00423968343697,31.51271905031091,25.0,16.241661955907293,22.14782362916902
261328.0,0.0,19.0,81.0,47.92933860938384,7.513284341435839,44.55737704918032,64.0,73.75409836065573,46.33945732052007,8.0,10.00423968343697,31.51271905031091,28.0,16.241661955907293,22.14782362916902
261329.0,1.0,9.0,90.0,29.0,4.0,67.0,72.0,81.0,63.0,9.0,4.0,14.0,19.0,15.0,23.0
261330.0,5.0,20.0,75.0,39.0,7.0,54.0,59.0,74.0,44.0,17.0,7.0,28.0,24.0,19.0,28.0
261331.0,3.0,11.0,86.0,41.0,2.0,57.0,70.0,79.0,61.0,11.0,3.0,20.0,19.0,18.0,19.0
261332.0,0.0,14.0,86.0,47.92933860938384,7.513284341435839,44.55737704918032,69.0,73.75409836065573,46.33945732052007,11.0,10.00423968343697,31.51271905031091,20.0,16.241661955907293,22.14782362916902
261333.0,4.0,4.0,92.0,37.0,1.0,62.0,75.0,94.0,54.0,7.0,3.0,12.0,18.0,3.0,34.0
261335.0,0.0,16.0,84.0,47.92933860938384,7.513284341435839,44.55737704918032,78.0,73.75409836065573,46.33945732052007,1.0,10.00423968343697,31.51271905031091,21.0,16.241661955907293,22.14782362916902
261336.0,2.0,24.0,74.0,47.92933860938384,7.513284341435839,44.55737704918032,62.0,73.75409836065573,46.33945732052007,34.0,10.00423968343697,31.51271905031091,4.0,16.241661955907293,22.14782362916902
261337.0,4.0,18.0,78.0,41.0,5.0,54.0,60.0,76.0,46.0,21.0,12.0,29.0,19.0,12.0,25.0
261338.0,3.0,14.0,83.0,47.0,2.0,51.0,66.0,81.0,51.0,15.0,5.0,26.0,19.0,14.0,23.0
270003.0,8.0,28.0,64.0,54.0,5.0,41.0,64.0,79.0,49.0,18.0,8.0,27.0,18.0,13.0,24.0
270004.0,8.0,21.0,71.0,49.0,6.0,45.0,58.0,71.0,46.0,20.0,9.0,30.0,22.0,20.0,24.0
270012.0,9.0,23.0,68.0,50.0,9.0,41.0,59.0,73.0,44.0,23.0,12.0,34.0,18.0,15.0,22.0
270014.0,4.0,15.0,81.0,47.0,4.0,49.0,64.0,76.0,51.0,14.0,5.0,24.0,22.0,19.0,25.0
270017.0,6.0,19.0,75.0,53.0,4.0,43.0,64.0,78.0,50.0,15.0,6.0,25.0,21.0,16.0,25.0
270023.0,9.0,24.0,67.0,48.0,6.0,46.0,60.0,72.0,48.0,22.0,12.0,32.0,18.0,16.0,20.0
270049.0,6.0,19.0,75.0,46.0,6.0,48.0,61.0,74.0,47.0,20.0,10.0,29.0,19.0,16.0,24.0
270051.0,9.0,25.0,66.0,56.0,6.0,38.0,55.0,69.0,42.0,23.0,10.0,36.0,22.0,21.0,22.0
270057.0,8.0,24.0,68.0,50.0,7.0,43.0,57.0,71.0,44.0,18.0,9.0,28.0,25.0,20.0,28.0
270086.0,6.0,16.0,78.0,42.0,6.0,52.0,63.0,79.0,47.0,14.0,5.0,22.0,23.0,16.0,31.0
271312.0,6.0,18.0,76.0,47.92933860938384,7.513284341435839,44.55737704918032,71.0,73.75409836065573,46.33945732052007,3.0,10.00423968343697,31.51271905031091,26.0,16.241661955907293,22.14782362916902
271316.0,6.0,20.0,74.0,47.0,3.0,50.0,71.0,81.0,62.0,11.0,7.0,16.0,18.0,12.0,22.0
271317.0,9.0,18.0,73.0,40.0,9.0,51.0,62.0,72.0,52.0,20.0,12.0,28.0,18.0,16.0,20.0
271318.0,7.0,13.0,80.0,45.0,5.0,50.0,58.0,74.0,42.0,25.0,13.0,39.0,17.0,13.0,19.0
271320.0,5.0,21.0,74.0,42.0,2.0,56.0,76.0,88.0,64.0,11.0,3.0,19.0,13.0,9.0,17.0
271323.0,4.0,17.0,79.0,51.0,5.0,44.0,71.0,86.0,56.0,10.0,5.0,15.0,19.0,9.0,29.0
271325.0,2.0,19.0,79.0,44.0,3.0,53.0,64.0,83.0,46.0,12.0,6.0,18.0,24.0,11.0,36.0
271330.0,2.0,9.0,89.0,47.92933860938384,7.513284341435839,44.55737704918032,59.0,73.75409836065573,46.33945732052007,18.0,10.00423968343697,31.51271905031091,23.0,16.241661955907293,22.14782362916902
271331.0,4.0,20.0,76.0,47.92933860938384,7.513284341435839,44.55737704918032,85.0,73.75409836065573,46.33945732052007,15.0,10.00423968343697,31.51271905031091,0.0,16.241661955907293,22.14782362916902
271332.0,2.0,25.0,73.0,49.0,3.0,48.0,63.0,77.0,48.0,20.0,11.0,30.0,17.0,12.0,22.0
271333.0,5.0,16.0,79.0,47.92933860938384,7.513284341435839,44.55737704918032,50.0,73.75409836065573,46.33945732052007,34.0,10.00423968343697,31.51271905031091,16.0,16.241661955907293,22.14782362916902
271335.0,8.0,14.0,78.0,49.0,5.0,46.0,72.0,83.0,60.0,9.0,6.0,12.0,19.0,11.0,28.0
271336.0,4.0,11.0,85.0,46.0,4.0,50.0,62.0,77.0,47.0,18.0,12.0,25.0,20.0,11.0,28.0
271340.0,4.0,18.0,78.0,44.0,6.0,50.0,71.0,84.0,57.0,15.0,5.0,25.0,14.0,11.0,18.0
271343.0,7.0,19.0,74.0,52.0,4.0,44.0,68.0,79.0,58.0,14.0,6.0,22.0,18.0,15.0,20.0
271344.0,5.0,15.0,80.0,44.0,3.0,53.0,70.0,83.0,58.0,16.0,8.0,24.0,14.0,9.0,18.0
271345.0,5.0,19.0,76.0,39.0,6.0,55.0,72.0,79.0,65.0,9.0,2.0,17.0,19.0,19.0,18.0
271347.0,5.0,19.0,76.0,50.0,0.0,50.0,73.0,82.0,63.0,10.0,6.0,14.0,17.0,12.0,23.0
280003.0,5.0,17.0,78.0,48.0,3.0,49.0,59.0,74.0,44.0,19.0,9.0,29.0,22.0,17.0,27.0
280009.0,5.0,21.0,74.0,49.0,6.0,45.0,61.0,74.0,47.0,18.0,8.0,29.0,21.0,18.0,24.0
280013.0,10.0,22.0,68.0,47.0,6.0,47.0,56.0,70.0,42.0,22.0,11.0,33.0,22.0,19.0,25.0
280020.0,8.0,24.0,68.0,46.0,7.0,47.0,57.0,72.0,42.0,23.0,11.0,34.0,20.0,17.0,24.0
280023.0,6.0,22.0,72.0,47.0,5.0,48.0,61.0,73.0,49.0,17.0,8.0,26.0,22.0,19.0,25.0
280032.0,9.0,24.0,67.0,51.0,5.0,44.0,56.0,71.0,41.0,22.0,10.0,34.0,22.0,19.0,25.0
280040.0,4.0,15.0,81.0,41.0,5.0,54.0,65.0,79.0,51.0,17.0,7.0,27.0,18.0,14.0,22.0
280060.0,13.0,26.0,61.0,52.0,7.0,41.0,54.0,67.0,41.0,24.0,12.0,36.0,22.0,21.0,23.0
280061.0,19.0,35.0,46.0,61.0,10.0,29.0,47.0,61.0,34.0,30.0,17.0,43.0,23.0,22.0,23.0
280065.0,6.0,21.0,73.0,55.0,3.0,42.0,63.0,79.0,46.0,16.0,7.0,25.0,21.0,14.0,29.0
280077.0,8.0,24.0,68.0,48.0,6.0,46.0,57.0,69.0,45.0,21.0,11.0,31.0,22.0,20.0,24.0
280081.0,9.0,24.0,67.0,47.0,9.0,44.0,57.0,71.0,43.0,23.0,12.0,34.0,20.0,17.0,23.0
280105.0,8.0,12.0,80.0,37.0,9.0,54.0,64.0,80.0,47.0,15.0,6.0,25.0,21.0,14.0,28.0
280111.0,4.0,17.0,79.0,50.0,4.0,46.0,65.0,76.0,53.0,17.0,11.0,23.0,18.0,13.0,24.0
280125.0,7.0,20.0,73.0,51.0,5.0,44.0,64.0,78.0,49.0,16.0,7.0,26.0,20.0,15.0,25.0
280127.0,2.0,6.0,92.0,33.0,1.0,66.0,67.0,79.0,54.0,6.0,3.0,9.0,27.0,18.0,37.0
280128.0,5.0,14.0,81.0,44.0,3.0,53.0,63.0,77.0,48.0,19.0,8.0,31.0,18.0,15.0,21.0
280129.0,2.0,11.0,87.0,27.0,6.0,67.0,79.0,91.0,66.0,8.0,1.0,16.0,13.0,8.0,18.0
280130.0,7.0,22.0,71.0,46.0,7.0,47.0,58.0,73.0,43.0,20.0,8.0,32.0,22.0,19.0,25.0
280131.0,3.0,6.0,91.0,31.0,4.0,65.0,83.0,94.0,71.0,6.0,2.0,11.0,11.0,4.0,18.0
280132.0,10.0,21.0,69.0,47.0,9.0,44.0,58.0,72.0,44.0,22.0,12.0,33.0,20.0,16.0,23.0
280133.0,5.0,15.0,80.0,29.0,5.0,66.0,69.0,80.0,59.0,12.0,8.0,17.0,19.0,12.0,24.0
280134.0,4.0,14.0,82.0,49.0,3.0,48.0,61.0,77.0,45.0,16.0,7.0,25.0,23.0,16.0,30.0
280139.0,9.0,16.0,75.0,49.0,6.0,45.0,59.0,74.0,43.0,20.0,8.0,32.0,21.0,18.0,25.0
281300.0,4.0,10.0,86.0,47.92933860938384,7.513284341435839,44.55737704918032,51.0,73.75409836065573,46.33945732052007,27.0,10.00423968343697,31.51271905031091,22.0,16.241661955907293,22.14782362916902
281301.0,3.0,14.0,83.0,36.0,5.0,59.0,74.0,88.0,60.0,11.0,4.0,19.0,15.0,8.0,21.0
281304.0,2.0,15.0,83.0,41.0,2.0,57.0,74.0,89.0,59.0,7.0,3.0,12.0,19.0,8.0,29.0
281305.0,6.0,21.0,73.0,47.92933860938384,7.513284341435839,44.55737704918032,69.0,73.75409836065573,46.33945732052007,9.0,10.00423968343697,31.51271905031091,22.0,16.241661955907293,22.14782362916902
281306.0,0.0,8.0,92.0,47.92933860938384,7.513284341435839,44.55737704918032,81.0,73.75409836065573,46.33945732052007,6.0,10.00423968343697,31.51271905031091,13.0,16.241661955907293,22.14782362916902
281308.0,1.0,8.0,91.0,32.0,1.0,67.0,79.0,85.0,71.0,2.0,0.0,6.0,19.0,15.0,23.0
281309.0,6.0,20.0,74.0,47.92933860938384,7.513284341435839,44.55737704918032,78.0,73.75409836065573,46.33945732052007,9.0,10.00423968343697,31.51271905031091,13.0,16.241661955907293,22.14782362916902
281313.0,1.0,22.0,77.0,47.92933860938384,7.513284341435839,44.55737704918032,70.0,73.75409836065573,46.33945732052007,12.0,10.00423968343697,31.51271905031091,18.0,16.241661955907293,22.14782362916902
281315.0,3.0,7.0,90.0,47.0,0.0,53.0,66.0,76.0,57.0,9.0,3.0,16.0,25.0,21.0,27.0
281318.0,7.0,4.0,89.0,47.92933860938384,7.513284341435839,44.55737704918032,87.0,73.75409836065573,46.33945732052007,5.0,10.00423968343697,31.51271905031091,8.0,16.241661955907293,22.14782362916902
281319.0,0.0,24.0,76.0,47.92933860938384,7.513284341435839,44.55737704918032,68.0,73.75409836065573,46.33945732052007,17.0,10.00423968343697,31.51271905031091,15.0,16.241661955907293,22.14782362916902
281322.0,3.0,14.0,83.0,42.0,4.0,54.0,64.0,69.0,59.0,15.0,8.0,22.0,21.0,23.0,19.0
281326.0,0.0,5.0,95.0,47.92933860938384,7.513284341435839,44.55737704918032,75.0,73.75409836065573,46.33945732052007,4.0,10.00423968343697,31.51271905031091,21.0,16.241661955907293,22.14782362916902
281327.0,1.0,15.0,84.0,40.0,1.0,59.0,78.0,88.0,68.0,10.0,5.0,16.0,12.0,7.0,16.0
281328.0,1.0,16.0,83.0,46.0,5.0,49.0,63.0,86.0,40.0,14.0,2.0,27.0,23.0,12.0,33.0
281329.0,6.0,19.0,75.0,47.0,2.0,51.0,64.0,83.0,44.0,14.0,0.0,28.0,22.0,17.0,28.0
281332.0,8.0,9.0,83.0,50.0,3.0,47.0,59.0,71.0,46.0,22.0,17.0,26.0,19.0,12.0,28.0
281334.0,2.0,12.0,86.0,52.0,2.0,46.0,70.0,84.0,56.0,11.0,1.0,21.0,19.0,15.0,23.0
281335.0,2.0,8.0,90.0,47.92933860938384,7.513284341435839,44.55737704918032,76.0,73.75409836065573,46.33945732052007,11.0,10.00423968343697,31.51271905031091,13.0,16.241661955907293,22.14782362916902
281336.0,4.0,17.0,79.0,48.0,5.0,47.0,61.0,79.0,43.0,15.0,3.0,27.0,24.0,18.0,30.0
281338.0,0.0,15.0,85.0,47.92933860938384,7.513284341435839,44.55737704918032,73.0,73.75409836065573,46.33945732052007,4.0,10.00423968343697,31.51271905031091,23.0,16.241661955907293,22.14782362916902
281339.0,3.0,22.0,75.0,50.0,2.0,48.0,60.0,78.0,42.0,18.0,9.0,26.0,22.0,13.0,32.0
281341.0,3.0,32.0,65.0,51.0,3.0,46.0,69.0,86.0,53.0,9.0,3.0,17.0,22.0,11.0,30.0
281342.0,4.0,14.0,82.0,38.0,3.0,59.0,72.0,82.0,63.0,11.0,6.0,17.0,17.0,12.0,20.0
281343.0,6.0,11.0,83.0,47.92933860938384,7.513284341435839,44.55737704918032,70.0,73.75409836065573,46.33945732052007,10.0,10.00423968343697,31.51271905031091,20.0,16.241661955907293,22.14782362916902
281344.0,9.0,25.0,66.0,64.0,7.0,29.0,57.0,66.0,47.0,18.0,15.0,21.0,25.0,19.0,32.0
281345.0,0.0,13.0,87.0,39.0,4.0,57.0,65.0,79.0,50.0,14.0,6.0,22.0,21.0,15.0,28.0
281347.0,4.0,3.0,93.0,42.0,1.0,57.0,72.0,79.0,65.0,6.0,1.0,14.0,22.0,20.0,21.0
281349.0,2.0,10.0,88.0,47.0,2.0,51.0,70.0,88.0,51.0,10.0,4.0,16.0,20.0,8.0,33.0
281350.0,1.0,15.0,84.0,47.92933860938384,7.513284341435839,44.55737704918032,84.0,73.75409836065573,46.33945732052007,4.0,10.00423968343697,31.51271905031091,12.0,16.241661955907293,22.14782362916902
281352.0,0.0,12.0,88.0,35.0,1.0,64.0,76.0,82.0,70.0,8.0,1.0,16.0,16.0,17.0,14.0
281353.0,5.0,13.0,82.0,47.92933860938384,7.513284341435839,44.55737704918032,52.0,73.75409836065573,46.33945732052007,20.0,10.00423968343697,31.51271905031091,28.0,16.241661955907293,22.14782362916902
281354.0,1.0,17.0,82.0,47.92933860938384,7.513284341435839,44.55737704918032,64.0,73.75409836065573,46.33945732052007,9.0,10.00423968343697,31.51271905031091,27.0,16.241661955907293,22.14782362916902
281355.0,4.0,17.0,79.0,47.92933860938384,7.513284341435839,44.55737704918032,72.0,73.75409836065573,46.33945732052007,10.0,10.00423968343697,31.51271905031091,18.0,16.241661955907293,22.14782362916902
281356.0,4.0,5.0,91.0,47.92933860938384,7.513284341435839,44.55737704918032,74.0,73.75409836065573,46.33945732052007,13.0,10.00423968343697,31.51271905031091,13.0,16.241661955907293,22.14782362916902
281357.0,6.0,15.0,79.0,59.0,4.0,37.0,61.0,78.0,43.0,23.0,11.0,35.0,16.0,11.0,22.0
281358.0,3.0,23.0,74.0,47.92933860938384,7.513284341435839,44.55737704918032,66.0,73.75409836065573,46.33945732052007,20.0,10.00423968343697,31.51271905031091,14.0,16.241661955907293,22.14782362916902
281359.0,4.0,19.0,77.0,49.0,1.0,50.0,64.0,79.0,48.0,13.0,6.0,20.0,23.0,15.0,32.0
281361.0,1.0,15.0,84.0,47.0,4.0,49.0,65.0,81.0,50.0,13.0,4.0,22.0,22.0,15.0,28.0
281362.0,2.0,12.0,86.0,43.0,3.0,54.0,69.0,81.0,57.0,13.0,3.0,22.0,18.0,16.0,21.0
281363.0,5.0,17.0,78.0,42.0,6.0,52.0,64.0,77.0,50.0,16.0,4.0,27.0,20.0,19.0,23.0
281364.0,3.0,18.0,79.0,49.0,3.0,48.0,60.0,72.0,49.0,14.0,8.0,20.0,26.0,20.0,31.0
281365.0,3.0,14.0,83.0,52.0,3.0,45.0,74.0,85.0,62.0,7.0,2.0,15.0,19.0,13.0,23.0
290001.0,9.0,25.0,66.0,51.0,10.0,39.0,53.0,69.0,38.0,24.0,12.0,35.0,23.0,19.0,27.0
290003.0,23.0,24.0,53.0,49.0,19.0,32.0,48.0,60.0,36.0,36.0,23.0,49.0,16.0,17.0,15.0
290005.0,15.0,26.0,59.0,54.0,14.0,32.0,49.0,64.0,35.0,34.0,22.0,46.0,17.0,14.0,19.0
290007.0,17.0,23.0,60.0,49.0,14.0,37.0,51.0,64.0,37.0,30.0,18.0,41.0,19.0,18.0,22.0
290008.0,18.0,30.0,52.0,54.0,11.0,35.0,53.0,69.0,37.0,25.0,13.0,37.0,22.0,18.0,26.0
290009.0,9.0,26.0,65.0,54.0,8.0,38.0,52.0,67.0,37.0,27.0,14.0,38.0,21.0,19.0,25.0
290019.0,7.0,23.0,70.0,47.0,8.0,45.0,55.0,71.0,40.0,22.0,10.0,34.0,23.0,19.0,26.0
290021.0,17.0,26.0,57.0,51.0,14.0,35.0,57.0,71.0,42.0,25.0,12.0,37.0,18.0,17.0,21.0
290032.0,8.0,19.0,73.0,46.0,10.0,44.0,57.0,73.0,41.0,23.0,11.0,35.0,20.0,16.0,24.0
290039.0,15.0,23.0,62.0,48.0,14.0,38.0,54.0,68.0,39.0,28.0,11.0,44.0,18.0,21.0,17.0
290041.0,10.0,24.0,66.0,50.0,12.0,38.0,56.0,70.0,41.0,23.0,11.0,36.0,21.0,19.0,23.0
290045.0,9.0,25.0,66.0,48.0,9.0,43.0,58.0,71.0,45.0,23.0,12.0,34.0,19.0,17.0,21.0
290046.0,13.0,26.0,61.0,49.0,12.0,39.0,53.0,67.0,39.0,27.0,14.0,41.0,20.0,19.0,20.0
290047.0,9.0,20.0,71.0,44.0,9.0,47.0,55.0,68.0,42.0,26.0,15.0,38.0,19.0,17.0,20.0
290049.0,7.0,24.0,69.0,47.0,9.0,44.0,56.0,74.0,39.0,24.0,9.0,38.0,20.0,17.0,23.0
290053.0,8.0,16.0,76.0,43.0,11.0,46.0,58.0,73.0,42.0,23.0,10.0,36.0,19.0,17.0,22.0
290054.0,14.0,26.0,60.0,52.0,14.0,34.0,48.0,64.0,33.0,31.0,15.0,47.0,21.0,21.0,20.0
290057.0,16.0,25.0,59.0,52.0,13.0,35.0,53.0,66.0,39.0,28.0,15.0,41.0,19.0,19.0,20.0
290058.0,4.0,21.0,75.0,47.92933860938384,7.513284341435839,44.55737704918032,57.0,73.75409836065573,46.33945732052007,24.0,10.00423968343697,31.51271905031091,19.0,16.241661955907293,22.14782362916902
290061.0,7.0,17.0,76.0,43.0,10.0,47.0,59.0,75.0,43.0,20.0,10.0,30.0,21.0,15.0,27.0
291300.0,19.0,32.0,49.0,47.92933860938384,7.513284341435839,44.55737704918032,60.0,73.75409836065573,46.33945732052007,17.0,10.00423968343697,31.51271905031091,23.0,16.241661955907293,22.14782362916902
291302.0,9.0,37.0,54.0,55.0,11.0,34.0,58.0,58.0,58.0,18.0,18.0,17.0,24.0,24.0,25.0
291306.0,6.0,18.0,76.0,49.0,8.0,43.0,60.0,71.0,49.0,20.0,9.0,31.0,20.0,20.0,20.0
291307.0,12.0,30.0,58.0,49.0,10.0,41.0,57.0,72.0,43.0,26.0,13.0,39.0,17.0,15.0,18.0
291308.0,4.0,36.0,60.0,64.0,5.0,31.0,67.0,76.0,57.0,10.0,1.0,19.0,23.0,23.0,24.0
291311.0,16.0,23.0,61.0,50.0,16.0,34.0,56.0,69.0,43.0,24.0,16.0,31.0,20.0,15.0,26.0
291313.0,4.0,19.0,77.0,45.0,4.0,51.0,66.0,77.0,56.0,13.0,6.0,19.0,21.0,17.0,25.0
300001.0,9.0,23.0,68.0,47.0,8.0,45.0,62.0,77.0,47.0,19.0,9.0,30.0,19.0,14.0,23.0
300003.0,7.0,18.0,75.0,47.0,5.0,48.0,61.0,74.0,48.0,19.0,8.0,30.0,20.0,18.0,22.0
300005.0,9.0,24.0,67.0,52.0,8.0,40.0,57.0,70.0,43.0,22.0,10.0,34.0,21.0,20.0,23.0
300011.0,8.0,24.0,68.0,50.0,7.0,43.0,60.0,72.0,48.0,21.0,12.0,30.0,19.0,16.0,22.0
300012.0,11.0,20.0,69.0,43.0,9.0,48.0,64.0,78.0,50.0,20.0,10.0,29.0,16.0,12.0,21.0
300014.0,12.0,18.0,70.0,48.0,6.0,46.0,59.0,71.0,47.0,22.0,11.0,33.0,19.0,18.0,20.0
300017.0,8.0,25.0,67.0,56.0,4.0,40.0,59.0,72.0,46.0,20.0,10.0,31.0,21.0,18.0,23.0
300018.0,5.0,17.0,78.0,42.0,6.0,52.0,62.0,75.0,49.0,18.0,8.0,28.0,20.0,17.0,23.0
300019.0,13.0,28.0,59.0,52.0,5.0,43.0,60.0,73.0,47.0,21.0,10.0,33.0,19.0,17.0,20.0
300020.0,9.0,22.0,69.0,49.0,8.0,43.0,56.0,72.0,41.0,21.0,9.0,33.0,23.0,19.0,26.0
300023.0,6.0,19.0,75.0,45.0,6.0,49.0,66.0,79.0,52.0,18.0,7.0,28.0,16.0,14.0,20.0
300029.0,15.0,24.0,61.0,47.0,9.0,44.0,59.0,72.0,45.0,22.0,11.0,33.0,19.0,17.0,22.0
300034.0,7.0,20.0,73.0,48.0,6.0,46.0,62.0,77.0,46.0,20.0,8.0,32.0,18.0,15.0,22.0
301300.0,0.0,10.0,90.0,47.92933860938384,7.513284341435839,44.55737704918032,61.0,73.75409836065573,46.33945732052007,6.0,10.00423968343697,31.51271905031091,33.0,16.241661955907293,22.14782362916902
301301.0,6.0,28.0,66.0,54.0,3.0,43.0,59.0,75.0,44.0,22.0,12.0,32.0,19.0,13.0,24.0
301302.0,7.0,20.0,73.0,52.0,4.0,44.0,65.0,79.0,52.0,17.0,7.0,26.0,18.0,14.0,22.0
301303.0,4.0,21.0,75.0,49.0,0.0,51.0,79.0,87.0,69.0,10.0,2.0,19.0,11.0,11.0,12.0
301304.0,5.0,25.0,70.0,50.0,8.0,42.0,65.0,78.0,52.0,15.0,6.0,24.0,20.0,16.0,24.0
301305.0,3.0,7.0,90.0,37.0,2.0,61.0,71.0,83.0,59.0,11.0,3.0,20.0,18.0,14.0,21.0
301306.0,17.0,29.0,54.0,50.0,18.0,32.0,63.0,76.0,49.0,29.0,13.0,44.0,8.0,11.0,7.0
301307.0,7.0,17.0,76.0,48.0,6.0,46.0,64.0,77.0,51.0,17.0,8.0,27.0,19.0,15.0,22.0
301308.0,9.0,21.0,70.0,45.0,8.0,47.0,73.0,86.0,61.0,13.0,4.0,23.0,14.0,10.0,16.0
301309.0,11.0,22.0,67.0,45.0,7.0,48.0,61.0,74.0,48.0,14.0,5.0,24.0,25.0,21.0,28.0
301310.0,6.0,19.0,75.0,44.0,4.0,52.0,66.0,80.0,52.0,14.0,6.0,22.0,20.0,14.0,26.0
301311.0,6.0,26.0,68.0,51.0,6.0,43.0,63.0,77.0,49.0,17.0,7.0,26.0,20.0,16.0,25.0
301312.0,8.0,10.0,82.0,44.0,3.0,53.0,60.0,74.0,46.0,14.0,7.0,23.0,26.0,19.0,31.0
310001.0,11.0,19.0,70.0,50.0,9.0,41.0,57.0,72.0,43.0,25.0,12.0,38.0,18.0,16.0,19.0
310002.0,16.0,23.0,61.0,47.0,16.0,37.0,56.0,69.0,43.0,28.0,16.0,40.0,16.0,15.0,17.0
310003.0,13.0,27.0,60.0,51.0,8.0,41.0,52.0,67.0,38.0,27.0,10.0,44.0,21.0,23.0,18.0
310005.0,10.0,25.0,65.0,54.0,6.0,40.0,60.0,75.0,46.0,22.0,9.0,35.0,18.0,16.0,19.0
310006.0,12.0,27.0,61.0,57.0,15.0,28.0,49.0,68.0,31.0,30.0,15.0,45.0,21.0,17.0,24.0
310008.0,6.0,18.0,76.0,45.0,8.0,47.0,64.0,78.0,51.0,20.0,10.0,31.0,16.0,12.0,18.0
310009.0,18.0,29.0,53.0,57.0,13.0,30.0,51.0,64.0,38.0,29.0,15.0,42.0,20.0,21.0,20.0
310010.0,9.0,19.0,72.0,43.0,9.0,48.0,59.0,74.0,45.0,22.0,9.0,34.0,19.0,17.0,21.0
310011.0,13.0,31.0,56.0,54.0,10.0,36.0,59.0,72.0,46.0,21.0,10.0,33.0,20.0,18.0,21.0
310012.0,9.0,21.0,70.0,50.0,7.0,43.0,57.0,72.0,41.0,23.0,10.0,36.0,20.0,18.0,23.0
310014.0,13.0,23.0,64.0,45.0,11.0,44.0,56.0,70.0,42.0,23.0,12.0,35.0,21.0,18.0,23.0
310015.0,8.0,16.0,76.0,46.0,7.0,47.0,57.0,73.0,42.0,22.0,9.0,35.0,21.0,18.0,23.0
310016.0,21.0,31.0,48.0,56.0,14.0,30.0,45.0,59.0,31.0,34.0,20.0,47.0,21.0,21.0,22.0
310017.0,8.0,23.0,69.0,49.0,8.0,43.0,58.0,73.0,43.0,22.0,9.0,35.0,20.0,18.0,22.0
310019.0,16.0,26.0,58.0,51.0,12.0,37.0,51.0,65.0,38.0,31.0,18.0,45.0,18.0,17.0,17.0
310022.0,7.0,19.0,74.0,46.0,8.0,46.0,60.0,76.0,44.0,22.0,8.0,36.0,18.0,16.0,20.0
310024.0,13.0,24.0,63.0,50.0,11.0,39.0,63.0,77.0,49.0,17.0,6.0,28.0,20.0,17.0,23.0
310025.0,21.0,25.0,54.0,52.0,17.0,31.0,45.0,57.0,33.0,34.0,19.0,48.0,21.0,24.0,19.0
310027.0,20.0,26.0,54.0,49.0,18.0,33.0,49.0,64.0,35.0,32.0,20.0,45.0,19.0,16.0,20.0
310028.0,13.0,26.0,61.0,58.0,8.0,34.0,54.0,68.0,39.0,26.0,13.0,40.0,20.0,19.0,21.0
310029.0,14.0,25.0,61.0,53.0,11.0,36.0,54.0,73.0,36.0,27.0,11.0,43.0,19.0,16.0,21.0
310031.0,5.0,17.0,78.0,44.0,6.0,50.0,63.0,79.0,47.0,21.0,10.0,33.0,16.0,11.0,20.0
310032.0,11.0,23.0,66.0,48.0,9.0,43.0,58.0,73.0,44.0,22.0,11.0,34.0,20.0,16.0,22.0
310034.0,7.0,22.0,71.0,52.0,7.0,41.0,62.0,76.0,48.0,20.0,8.0,31.0,18.0,16.0,21.0
310038.0,15.0,24.0,61.0,50.0,11.0,39.0,55.0,68.0,41.0,26.0,13.0,38.0,19.0,19.0,21.0
310039.0,12.0,27.0,61.0,53.0,10.0,37.0,58.0,72.0,44.0,24.0,12.0,35.0,18.0,16.0,21.0
310040.0,15.0,22.0,63.0,45.0,9.0,46.0,54.0,67.0,40.0,28.0,15.0,40.0,18.0,18.0,20.0
310041.0,16.0,31.0,53.0,53.0,12.0,35.0,55.0,69.0,41.0,26.0,13.0,39.0,19.0,18.0,20.0
310044.0,9.0,22.0,69.0,49.0,9.0,42.0,55.0,69.0,41.0,25.0,12.0,38.0,20.0,19.0,21.0
310045.0,7.0,20.0,73.0,47.0,8.0,45.0,56.0,71.0,40.0,24.0,11.0,38.0,20.0,18.0,22.0
310047.0,8.0,24.0,68.0,52.0,9.0,39.0,61.0,73.0,48.0,22.0,8.0,36.0,17.0,19.0,16.0
310048.0,10.0,26.0,64.0,52.0,10.0,38.0,59.0,73.0,45.0,21.0,10.0,32.0,20.0,17.0,23.0
310050.0,9.0,30.0,61.0,52.0,11.0,37.0,49.0,68.0,30.0,29.0,15.0,42.0,22.0,17.0,28.0
310051.0,11.0,24.0,65.0,51.0,8.0,41.0,54.0,69.0,39.0,25.0,12.0,37.0,21.0,19.0,24.0
310052.0,10.0,25.0,65.0,52.0,9.0,39.0,54.0,71.0,37.0,27.0,12.0,42.0,19.0,17.0,21.0
310054.0,12.0,27.0,61.0,57.0,10.0,33.0,50.0,66.0,34.0,30.0,16.0,45.0,20.0,18.0,21.0
310057.0,18.0,28.0,54.0,56.0,11.0,33.0,52.0,66.0,38.0,30.0,15.0,45.0,18.0,19.0,17.0
310058.0,14.0,25.0,61.0,44.0,19.0,37.0,47.0,54.0,41.0,28.0,16.0,41.0,25.0,30.0,18.0
310060.0,5.0,18.0,77.0,47.0,7.0,46.0,63.0,77.0,49.0,20.0,8.0,31.0,17.0,15.0,20.0
310061.0,17.0,29.0,54.0,55.0,12.0,33.0,56.0,73.0,40.0,25.0,11.0,40.0,19.0,16.0,20.0
310064.0,12.0,24.0,64.0,46.0,12.0,42.0,55.0,69.0,42.0,24.0,12.0,36.0,21.0,19.0,22.0
310069.0,7.0,17.0,76.0,46.0,7.0,47.0,61.0,78.0,45.0,20.0,9.0,30.0,19.0,13.0,25.0
310070.0,9.0,19.0,72.0,49.0,8.0,43.0,58.0,75.0,41.0,21.0,8.0,34.0,21.0,17.0,25.0
310073.0,12.0,25.0,63.0,52.0,10.0,38.0,55.0,70.0,39.0,27.0,13.0,40.0,18.0,17.0,21.0
310074.0,10.0,24.0,66.0,50.0,11.0,39.0,55.0,71.0,38.0,25.0,11.0,38.0,20.0,18.0,24.0
310075.0,10.0,24.0,66.0,50.0,8.0,42.0,60.0,74.0,47.0,20.0,9.0,30.0,20.0,17.0,23.0
310076.0,13.0,23.0,64.0,52.0,10.0,38.0,59.0,71.0,47.0,22.0,12.0,33.0,19.0,17.0,20.0
310083.0,22.0,26.0,52.0,46.0,18.0,36.0,51.0,63.0,40.0,35.0,24.0,46.0,14.0,13.0,14.0
310084.0,14.0,25.0,61.0,49.0,10.0,41.0,54.0,68.0,40.0,26.0,10.0,42.0,20.0,22.0,18.0
310086.0,11.0,22.0,67.0,49.0,10.0,41.0,59.0,75.0,42.0,23.0,10.0,36.0,18.0,15.0,22.0
310092.0,17.0,26.0,57.0,49.0,13.0,38.0,52.0,64.0,40.0,26.0,12.0,39.0,22.0,24.0,21.0
310096.0,7.0,21.0,72.0,47.0,11.0,42.0,55.0,70.0,41.0,27.0,15.0,37.0,18.0,15.0,22.0
310108.0,17.0,27.0,56.0,54.0,12.0,34.0,53.0,66.0,39.0,29.0,16.0,42.0,18.0,18.0,19.0
310110.0,11.0,27.0,62.0,51.0,10.0,39.0,59.0,73.0,45.0,22.0,10.0,35.0,19.0,17.0,20.0
310111.0,12.0,27.0,61.0,51.0,9.0,40.0,58.0,73.0,43.0,24.0,10.0,38.0,18.0,17.0,19.0
310112.0,10.0,24.0,66.0,50.0,8.0,42.0,56.0,71.0,41.0,23.0,9.0,38.0,21.0,20.0,21.0
310113.0,11.0,26.0,63.0,52.0,9.0,39.0,58.0,72.0,44.0,23.0,11.0,34.0,19.0,17.0,22.0
310115.0,16.0,29.0,55.0,57.0,10.0,33.0,49.0,63.0,35.0,30.0,17.0,43.0,21.0,20.0,22.0
310118.0,15.0,23.0,62.0,49.0,15.0,36.0,54.0,67.0,42.0,29.0,17.0,41.0,17.0,16.0,17.0
310119.0,16.0,29.0,55.0,52.0,13.0,35.0,49.0,61.0,37.0,29.0,18.0,41.0,22.0,21.0,22.0
310130.0,13.0,23.0,64.0,50.0,11.0,39.0,59.0,75.0,42.0,26.0,11.0,40.0,15.0,14.0,18.0
320001.0,17.0,26.0,57.0,50.0,10.0,40.0,54.0,67.0,41.0,25.0,13.0,36.0,21.0,20.0,23.0
320002.0,8.0,23.0,69.0,54.0,9.0,37.0,55.0,70.0,40.0,26.0,12.0,39.0,19.0,18.0,21.0
320004.0,11.0,21.0,68.0,47.0,10.0,43.0,58.0,70.0,46.0,26.0,14.0,38.0,16.0,16.0,16.0
320005.0,11.0,23.0,66.0,58.0,10.0,32.0,53.0,65.0,40.0,24.0,12.0,37.0,23.0,23.0,23.0
320006.0,17.0,28.0,55.0,53.0,12.0,35.0,57.0,71.0,44.0,28.0,15.0,42.0,15.0,14.0,14.0
320009.0,12.0,23.0,65.0,49.0,11.0,40.0,56.0,69.0,43.0,27.0,13.0,40.0,17.0,18.0,17.0
320011.0,10.0,19.0,71.0,50.0,8.0,42.0,67.0,80.0,53.0,15.0,6.0,25.0,18.0,14.0,22.0
320017.0,15.0,27.0,58.0,57.0,12.0,31.0,48.0,66.0,31.0,29.0,14.0,44.0,23.0,20.0,25.0
320018.0,13.0,30.0,57.0,55.0,10.0,35.0,54.0,68.0,40.0,28.0,15.0,40.0,18.0,17.0,20.0
320021.0,8.0,22.0,70.0,49.0,10.0,41.0,56.0,69.0,43.0,24.0,13.0,35.0,20.0,18.0,22.0
320022.0,11.0,31.0,58.0,56.0,10.0,34.0,55.0,67.0,43.0,23.0,14.0,31.0,22.0,19.0,26.0
320030.0,7.0,11.0,82.0,50.0,7.0,43.0,69.0,81.0,57.0,9.0,4.0,14.0,22.0,15.0,29.0
320033.0,7.0,24.0,69.0,58.0,5.0,37.0,67.0,80.0,54.0,16.0,6.0,26.0,17.0,14.0,20.0
320059.0,10.0,20.0,70.0,63.0,6.0,31.0,64.0,74.0,53.0,14.0,5.0,22.0,22.0,21.0,25.0
320060.0,24.0,30.0,46.0,47.92933860938384,7.513284341435839,44.55737704918032,56.0,73.75409836065573,46.33945732052007,23.0,10.00423968343697,31.51271905031091,21.0,16.241661955907293,22.14782362916902
320061.0,11.0,29.0,60.0,58.0,11.0,31.0,63.0,73.0,52.0,16.0,8.0,24.0,21.0,19.0,24.0
320063.0,19.0,30.0,51.0,56.0,12.0,32.0,54.0,67.0,41.0,23.0,12.0,35.0,23.0,21.0,24.0
320065.0,7.0,27.0,66.0,45.0,6.0,49.0,76.0,90.0,62.0,10.0,2.0,19.0,14.0,8.0,19.0
320074.0,13.0,23.0,64.0,47.0,13.0,40.0,54.0,66.0,42.0,26.0,15.0,38.0,20.0,19.0,20.0
320085.0,13.0,28.0,59.0,56.0,13.0,31.0,53.0,65.0,41.0,26.0,13.0,38.0,21.0,22.0,21.0
320086.0,6.0,17.0,77.0,52.0,7.0,41.0,61.0,75.0,47.0,20.0,10.0,31.0,19.0,15.0,22.0
320089.0,10.0,20.0,70.0,44.0,10.0,46.0,61.0,76.0,46.0,21.0,10.0,33.0,18.0,14.0,21.0
320090.0,8.0,21.0,71.0,48.0,8.0,44.0,61.0,74.0,49.0,21.0,10.0,33.0,18.0,16.0,18.0
320091.0,6.0,15.0,79.0,43.0,9.0,48.0,61.0,76.0,46.0,20.0,8.0,31.0,19.0,16.0,23.0
321301.0,12.0,4.0,84.0,47.92933860938384,7.513284341435839,44.55737704918032,56.0,73.75409836065573,46.33945732052007,29.0,10.00423968343697,31.51271905031091,15.0,16.241661955907293,22.14782362916902
321302.0,5.0,28.0,67.0,47.92933860938384,7.513284341435839,44.55737704918032,70.0,73.75409836065573,46.33945732052007,26.0,10.00423968343697,31.51271905031091,4.0,16.241661955907293,22.14782362916902
321305.0,4.0,15.0,81.0,48.0,3.0,49.0,70.0,79.0,61.0,15.0,7.0,23.0,15.0,14.0,16.0
321306.0,5.0,17.0,78.0,46.0,3.0,51.0,60.0,72.0,48.0,19.0,10.0,28.0,21.0,18.0,24.0
321307.0,14.0,14.0,72.0,47.92933860938384,7.513284341435839,44.55737704918032,45.0,73.75409836065573,46.33945732052007,28.0,10.00423968343697,31.51271905031091,27.0,16.241661955907293,22.14782362916902
321308.0,5.0,11.0,84.0,53.0,9.0,38.0,74.0,80.0,68.0,13.0,5.0,22.0,13.0,15.0,10.0
321309.0,18.0,22.0,60.0,55.0,7.0,38.0,53.0,64.0,42.0,29.0,17.0,41.0,18.0,19.0,17.0
321310.0,6.0,20.0,74.0,48.0,8.0,44.0,66.0,81.0,51.0,14.0,7.0,21.0,20.0,12.0,28.0
321311.0,6.0,25.0,69.0,39.0,8.0,53.0,59.0,72.0,47.0,21.0,7.0,35.0,20.0,21.0,18.0
330005.0,11.0,27.0,62.0,51.0,10.0,39.0,51.0,68.0,35.0,25.0,13.0,37.0,24.0,19.0,28.0
330006.0,15.0,31.0,54.0,47.0,14.0,39.0,54.0,67.0,41.0,30.0,18.0,42.0,16.0,15.0,17.0
330008.0,12.0,22.0,66.0,51.0,10.0,39.0,59.0,76.0,42.0,22.0,9.0,36.0,19.0,15.0,22.0
330009.0,20.0,29.0,51.0,49.0,18.0,33.0,50.0,63.0,36.0,32.0,17.0,47.0,18.0,20.0,17.0
330011.0,13.0,25.0,62.0,52.0,10.0,38.0,51.0,67.0,35.0,27.0,14.0,39.0,22.0,19.0,26.0
330013.0,19.0,29.0,52.0,55.0,14.0,31.0,50.0,65.0,36.0,30.0,17.0,44.0,20.0,18.0,20.0
330014.0,16.0,30.0,54.0,54.0,15.0,31.0,50.0,62.0,38.0,33.0,20.0,46.0,17.0,18.0,16.0
330019.0,23.0,26.0,51.0,47.0,20.0,33.0,45.0,55.0,35.0,39.0,26.0,52.0,16.0,19.0,13.0
330023.0,10.0,24.0,66.0,51.0,10.0,39.0,52.0,69.0,36.0,25.0,12.0,37.0,23.0,19.0,27.0
330024.0,10.0,23.0,67.0,50.0,7.0,43.0,56.0,70.0,42.0,26.0,13.0,39.0,18.0,17.0,19.0
330027.0,16.0,30.0,54.0,65.0,16.0,19.0,42.0,58.0,26.0,35.0,22.0,48.0,23.0,20.0,26.0
330028.0,19.0,31.0,50.0,56.0,14.0,30.0,53.0,73.0,34.0,25.0,11.0,39.0,22.0,16.0,27.0
330030.0,10.0,27.0,63.0,53.0,7.0,40.0,60.0,75.0,45.0,20.0,8.0,32.0,20.0,17.0,23.0
330033.0,8.0,31.0,61.0,59.0,4.0,37.0,58.0,73.0,43.0,24.0,4.0,43.0,18.0,23.0,14.0
330043.0,12.0,24.0,64.0,51.0,8.0,41.0,52.0,68.0,37.0,28.0,13.0,44.0,20.0,19.0,19.0
330044.0,15.0,31.0,54.0,52.0,13.0,35.0,56.0,69.0,44.0,25.0,13.0,37.0,19.0,18.0,19.0
330045.0,8.0,21.0,71.0,45.0,7.0,48.0,62.0,75.0,48.0,22.0,11.0,32.0,16.0,14.0,20.0
330046.0,15.0,24.0,61.0,50.0,10.0,40.0,55.0,67.0,42.0,28.0,16.0,40.0,17.0,17.0,18.0
330047.0,11.0,28.0,61.0,52.0,11.0,37.0,56.0,71.0,42.0,24.0,12.0,36.0,20.0,17.0,22.0
330049.0,6.0,17.0,77.0,50.0,7.0,43.0,55.0,72.0,38.0,18.0,7.0,27.0,27.0,21.0,35.0
330055.0,13.0,26.0,61.0,58.0,10.0,32.0,56.0,69.0,43.0,26.0,15.0,37.0,18.0,16.0,20.0
330056.0,16.0,27.0,57.0,56.0,13.0,31.0,55.0,68.0,43.0,25.0,15.0,34.0,20.0,17.0,23.0
330057.0,10.0,21.0,69.0,52.0,7.0,41.0,54.0,71.0,37.0,27.0,12.0,42.0,19.0,17.0,21.0
330058.0,18.0,27.0,55.0,54.0,13.0,33.0,53.0,68.0,39.0,27.0,16.0,38.0,20.0,16.0,23.0
330059.0,13.0,26.0,61.0,49.0,13.0,38.0,55.0,69.0,42.0,25.0,13.0,38.0,20.0,18.0,20.0
330065.0,15.0,31.0,54.0,60.0,10.0,30.0,50.0,67.0,34.0,27.0,13.0,41.0,23.0,20.0,25.0
330073.0,10.0,25.0,65.0,57.0,8.0,35.0,56.0,72.0,41.0,24.0,12.0,36.0,20.0,16.0,23.0
330074.0,8.0,20.0,72.0,46.0,6.0,48.0,59.0,74.0,44.0,22.0,10.0,34.0,19.0,16.0,22.0
330078.0,9.0,24.0,67.0,49.0,8.0,43.0,57.0,72.0,42.0,24.0,12.0,37.0,19.0,16.0,21.0
330079.0,3.0,19.0,78.0,43.0,4.0,53.0,69.0,82.0,55.0,14.0,7.0,22.0,17.0,11.0,23.0
330080.0,17.0,31.0,52.0,47.0,17.0,36.0,45.0,59.0,31.0,35.0,20.0,49.0,20.0,21.0,20.0
330085.0,13.0,29.0,58.0,60.0,6.0,34.0,53.0,66.0,39.0,23.0,10.0,37.0,24.0,24.0,24.0
330086.0,18.0,20.0,62.0,52.0,12.0,36.0,53.0,71.0,35.0,33.0,20.0,46.0,14.0,9.0,19.0
330090.0,11.0,27.0,62.0,51.0,9.0,40.0,53.0,67.0,40.0,26.0,14.0,37.0,21.0,19.0,23.0
330094.0,12.0,27.0,61.0,57.0,7.0,36.0,52.0,65.0,39.0,29.0,16.0,43.0,19.0,19.0,18.0
330096.0,10.0,25.0,65.0,54.0,7.0,39.0,58.0,71.0,45.0,22.0,11.0,33.0,20.0,18.0,22.0
330101.0,10.0,19.0,71.0,47.0,9.0,44.0,59.0,73.0,45.0,22.0,10.0,34.0,19.0,17.0,21.0
330102.0,8.0,20.0,72.0,47.0,7.0,46.0,60.0,75.0,46.0,21.0,10.0,32.0,19.0,15.0,22.0
330103.0,23.0,32.0,45.0,57.0,11.0,32.0,49.0,61.0,37.0,29.0,15.0,42.0,22.0,24.0,21.0
330104.0,15.0,33.0,52.0,56.0,12.0,32.0,49.0,61.0,36.0,31.0,17.0,45.0,20.0,22.0,19.0
330106.0,10.0,21.0,69.0,47.0,9.0,44.0,52.0,65.0,39.0,26.0,15.0,38.0,22.0,20.0,23.0
330107.0,10.0,21.0,69.0,46.0,9.0,45.0,59.0,69.0,48.0,23.0,14.0,33.0,18.0,17.0,19.0
330111.0,15.0,28.0,57.0,55.0,10.0,35.0,61.0,80.0,41.0,22.0,9.0,36.0,17.0,11.0,23.0
330115.0,4.0,21.0,75.0,50.0,4.0,46.0,64.0,78.0,50.0,16.0,6.0,25.0,20.0,16.0,25.0
330119.0,11.0,23.0,66.0,52.0,9.0,39.0,56.0,70.0,41.0,26.0,11.0,40.0,18.0,19.0,19.0
330125.0,17.0,29.0,54.0,55.0,10.0,35.0,50.0,65.0,36.0,30.0,16.0,44.0,20.0,19.0,20.0
330126.0,12.0,26.0,62.0,53.0,9.0,38.0,59.0,73.0,44.0,22.0,10.0,34.0,19.0,17.0,22.0
330127.0,18.0,27.0,55.0,51.0,17.0,32.0,48.0,63.0,33.0,31.0,18.0,44.0,21.0,19.0,23.0
330128.0,16.0,29.0,55.0,47.0,13.0,40.0,51.0,65.0,37.0,28.0,17.0,39.0,21.0,18.0,24.0
330135.0,8.0,29.0,63.0,56.0,10.0,34.0,67.0,79.0,56.0,19.0,10.0,28.0,14.0,11.0,16.0
330136.0,11.0,29.0,60.0,53.0,7.0,40.0,55.0,68.0,41.0,23.0,13.0,34.0,22.0,19.0,25.0
330140.0,8.0,23.0,69.0,51.0,8.0,41.0,53.0,72.0,35.0,26.0,10.0,41.0,21.0,18.0,24.0
330141.0,30.0,29.0,41.0,55.0,19.0,26.0,45.0,58.0,32.0,37.0,23.0,52.0,18.0,19.0,16.0
330144.0,12.0,20.0,68.0,47.92933860938384,7.513284341435839,44.55737704918032,77.0,73.75409836065573,46.33945732052007,9.0,10.00423968343697,31.51271905031091,14.0,16.241661955907293,22.14782362916902
330151.0,13.0,18.0,69.0,60.0,6.0,34.0,54.0,73.0,35.0,27.0,14.0,39.0,19.0,13.0,26.0
330153.0,16.0,26.0,58.0,56.0,9.0,35.0,55.0,68.0,43.0,24.0,13.0,36.0,21.0,19.0,21.0
330157.0,11.0,30.0,59.0,55.0,6.0,39.0,60.0,74.0,46.0,20.0,9.0,32.0,20.0,17.0,22.0
330158.0,15.0,30.0,55.0,57.0,10.0,33.0,46.0,60.0,32.0,32.0,18.0,47.0,22.0,22.0,21.0
330160.0,19.0,24.0,57.0,52.0,11.0,37.0,55.0,67.0,44.0,24.0,12.0,37.0,21.0,21.0,19.0
330162.0,8.0,19.0,73.0,46.0,8.0,46.0,65.0,79.0,50.0,18.0,8.0,27.0,17.0,13.0,23.0
330164.0,12.0,30.0,58.0,52.0,8.0,40.0,57.0,71.0,44.0,23.0,11.0,35.0,20.0,18.0,21.0
330166.0,1.0,16.0,83.0,53.0,9.0,38.0,70.0,83.0,57.0,8.0,3.0,14.0,22.0,14.0,29.0
330169.0,21.0,29.0,50.0,47.0,20.0,33.0,51.0,63.0,39.0,32.0,19.0,45.0,17.0,18.0,16.0
330175.0,19.0,30.0,51.0,57.0,10.0,33.0,50.0,66.0,34.0,26.0,11.0,41.0,24.0,23.0,25.0
330180.0,13.0,23.0,64.0,51.0,11.0,38.0,52.0,64.0,40.0,30.0,18.0,41.0,18.0,18.0,19.0
330181.0,7.0,19.0,74.0,44.0,7.0,49.0,65.0,77.0,53.0,19.0,9.0,28.0,16.0,14.0,19.0
330182.0,4.0,11.0,85.0,41.0,5.0,54.0,64.0,79.0,49.0,18.0,8.0,29.0,18.0,13.0,22.0
330184.0,28.0,27.0,45.0,62.0,17.0,21.0,46.0,61.0,31.0,35.0,20.0,49.0,19.0,19.0,20.0
330185.0,4.0,15.0,81.0,50.0,2.0,48.0,61.0,77.0,45.0,18.0,6.0,30.0,21.0,17.0,25.0
330188.0,8.0,25.0,67.0,54.0,8.0,38.0,53.0,69.0,37.0,23.0,9.0,38.0,24.0,22.0,25.0
330191.0,10.0,25.0,65.0,53.0,8.0,39.0,62.0,76.0,48.0,20.0,9.0,31.0,18.0,15.0,21.0
330193.0,12.0,26.0,62.0,55.0,10.0,35.0,52.0,65.0,39.0,27.0,15.0,40.0,21.0,20.0,21.0
330194.0,13.0,31.0,56.0,65.0,12.0,23.0,49.0,65.0,34.0,29.0,15.0,42.0,22.0,20.0,24.0
330195.0,10.0,23.0,67.0,51.0,10.0,39.0,56.0,70.0,42.0,24.0,12.0,36.0,20.0,18.0,22.0
330196.0,13.0,23.0,64.0,46.0,12.0,42.0,56.0,69.0,43.0,25.0,15.0,35.0,19.0,16.0,22.0
330197.0,9.0,31.0,60.0,55.0,8.0,37.0,57.0,73.0,42.0,19.0,9.0,28.0,24.0,18.0,30.0
330198.0,14.0,29.0,57.0,53.0,13.0,34.0,50.0,65.0,35.0,32.0,18.0,46.0,18.0,17.0,19.0
330199.0,13.0,27.0,60.0,56.0,10.0,34.0,51.0,62.0,39.0,30.0,15.0,46.0,19.0,23.0,15.0
330202.0,14.0,28.0,58.0,54.0,15.0,31.0,51.0,63.0,40.0,29.0,17.0,41.0,20.0,20.0,19.0
330203.0,13.0,28.0,59.0,56.0,10.0,34.0,53.0,69.0,37.0,29.0,13.0,45.0,18.0,18.0,18.0
330204.0,15.0,24.0,61.0,50.0,13.0,37.0,52.0,65.0,40.0,29.0,16.0,42.0,19.0,19.0,18.0
330205.0,6.0,18.0,76.0,49.0,4.0,47.0,63.0,78.0,48.0,19.0,8.0,30.0,18.0,14.0,22.0
330208.0,15.0,28.0,57.0,51.0,12.0,37.0,53.0,69.0,38.0,30.0,16.0,44.0,17.0,15.0,18.0
330211.0,12.0,30.0,58.0,65.0,4.0,31.0,54.0,70.0,38.0,22.0,9.0,35.0,24.0,21.0,27.0
330214.0,8.0,19.0,73.0,47.0,7.0,46.0,60.0,75.0,46.0,21.0,9.0,33.0,19.0,16.0,21.0
330215.0,10.0,29.0,61.0,54.0,8.0,38.0,54.0,65.0,43.0,27.0,15.0,39.0,19.0,20.0,18.0
330218.0,8.0,23.0,69.0,54.0,6.0,40.0,55.0,69.0,41.0,21.0,10.0,32.0,24.0,21.0,27.0
330219.0,11.0,25.0,64.0,52.0,9.0,39.0,56.0,70.0,42.0,23.0,11.0,36.0,21.0,19.0,22.0
330221.0,15.0,29.0,56.0,62.0,14.0,24.0,46.0,64.0,29.0,29.0,15.0,43.0,25.0,21.0,28.0
330222.0,7.0,20.0,73.0,47.0,6.0,47.0,63.0,78.0,48.0,18.0,8.0,28.0,19.0,14.0,24.0
330224.0,26.0,27.0,47.0,54.0,17.0,29.0,47.0,59.0,34.0,32.0,17.0,47.0,21.0,24.0,19.0
330226.0,16.0,27.0,57.0,51.0,12.0,37.0,52.0,68.0,36.0,28.0,13.0,43.0,20.0,19.0,21.0
330229.0,16.0,31.0,53.0,58.0,8.0,34.0,54.0,68.0,41.0,26.0,14.0,38.0,20.0,18.0,21.0
330231.0,9.0,27.0,64.0,53.0,12.0,35.0,56.0,72.0,40.0,25.0,13.0,38.0,19.0,15.0,22.0
330233.0,26.0,32.0,42.0,53.0,19.0,28.0,48.0,62.0,34.0,34.0,22.0,47.0,18.0,16.0,19.0
330234.0,20.0,27.0,53.0,51.0,15.0,34.0,49.0,64.0,33.0,31.0,15.0,46.0,20.0,21.0,21.0
330235.0,18.0,28.0,54.0,54.0,11.0,35.0,50.0,62.0,38.0,31.0,18.0,43.0,19.0,20.0,19.0
330238.0,14.0,24.0,62.0,54.0,7.0,39.0,56.0,73.0,40.0,25.0,14.0,36.0,19.0,13.0,24.0
330239.0,10.0,25.0,65.0,53.0,6.0,41.0,57.0,69.0,44.0,22.0,11.0,33.0,21.0,20.0,23.0
330240.0,16.0,27.0,57.0,45.0,16.0,39.0,51.0,66.0,36.0,29.0,13.0,45.0,20.0,21.0,19.0
330241.0,10.0,22.0,68.0,51.0,7.0,42.0,57.0,73.0,40.0,22.0,9.0,34.0,21.0,18.0,26.0
330245.0,20.0,27.0,53.0,57.0,10.0,33.0,49.0,62.0,35.0,31.0,16.0,46.0,20.0,22.0,19.0
330246.0,8.0,20.0,72.0,49.0,8.0,43.0,60.0,75.0,46.0,21.0,11.0,31.0,19.0,14.0,23.0
330250.0,15.0,27.0,58.0,49.0,11.0,40.0,56.0,72.0,40.0,26.0,15.0,37.0,18.0,13.0,23.0
330259.0,13.0,22.0,65.0,44.0,13.0,43.0,55.0,69.0,41.0,25.0,13.0,37.0,20.0,18.0,22.0
330261.0,11.0,26.0,63.0,55.0,6.0,39.0,55.0,70.0,40.0,26.0,13.0,39.0,19.0,17.0,21.0
330264.0,13.0,28.0,59.0,57.0,9.0,34.0,56.0,70.0,42.0,24.0,12.0,35.0,20.0,18.0,23.0
330265.0,8.0,20.0,72.0,49.0,5.0,46.0,67.0,77.0,56.0,14.0,5.0,23.0,19.0,18.0,21.0
330267.0,9.0,20.0,71.0,47.0,8.0,45.0,61.0,74.0,48.0,20.0,9.0,32.0,19.0,17.0,20.0
330270.0,4.0,10.0,86.0,37.0,6.0,57.0,66.0,80.0,52.0,18.0,7.0,28.0,16.0,13.0,20.0
330273.0,7.0,27.0,66.0,55.0,9.0,36.0,56.0,75.0,38.0,22.0,9.0,36.0,22.0,16.0,26.0
330276.0,10.0,28.0,62.0,55.0,8.0,37.0,56.0,70.0,42.0,23.0,12.0,35.0,21.0,18.0,23.0
330277.0,10.0,25.0,65.0,54.0,5.0,41.0,53.0,68.0,39.0,27.0,13.0,40.0,20.0,19.0,21.0
330279.0,11.0,25.0,64.0,55.0,8.0,37.0,55.0,70.0,41.0,25.0,12.0,38.0,20.0,18.0,21.0
330285.0,9.0,25.0,66.0,50.0,7.0,43.0,59.0,75.0,42.0,22.0,9.0,34.0,19.0,16.0,24.0
330286.0,14.0,27.0,59.0,55.0,10.0,35.0,56.0,72.0,40.0,26.0,13.0,40.0,18.0,15.0,20.0
330304.0,8.0,18.0,74.0,46.0,7.0,47.0,63.0,77.0,49.0,21.0,10.0,32.0,16.0,13.0,19.0
330307.0,8.0,25.0,67.0,46.0,6.0,48.0,61.0,77.0,45.0,21.0,10.0,33.0,18.0,13.0,22.0
330331.0,10.0,27.0,63.0,48.0,8.0,44.0,57.0,71.0,42.0,26.0,13.0,39.0,17.0,16.0,19.0
330332.0,10.0,26.0,64.0,53.0,6.0,41.0,58.0,74.0,42.0,20.0,7.0,34.0,22.0,19.0,24.0
330350.0,21.0,21.0,58.0,49.0,16.0,35.0,60.0,76.0,44.0,25.0,14.0,37.0,15.0,10.0,19.0
330386.0,16.0,30.0,54.0,54.0,10.0,36.0,54.0,71.0,37.0,25.0,14.0,36.0,21.0,15.0,27.0
330393.0,11.0,24.0,65.0,50.0,8.0,42.0,56.0,71.0,41.0,25.0,13.0,38.0,19.0,16.0,21.0
330394.0,12.0,32.0,56.0,53.0,8.0,39.0,52.0,66.0,38.0,27.0,14.0,41.0,21.0,20.0,21.0
330395.0,20.0,32.0,48.0,55.0,18.0,27.0,44.0,60.0,29.0,37.0,22.0,50.0,19.0,18.0,21.0
330396.0,15.0,28.0,57.0,54.0,13.0,33.0,55.0,72.0,39.0,26.0,12.0,40.0,19.0,16.0,21.0
330399.0,22.0,32.0,46.0,57.0,18.0,25.0,45.0,57.0,32.0,37.0,24.0,50.0,18.0,19.0,18.0
330401.0,12.0,23.0,65.0,51.0,8.0,41.0,58.0,74.0,42.0,23.0,10.0,36.0,19.0,16.0,22.0
331302.0,3.0,19.0,78.0,50.0,3.0,47.0,68.0,87.0,49.0,15.0,6.0,24.0,17.0,7.0,27.0
331303.0,0.0,5.0,95.0,47.92933860938384,7.513284341435839,44.55737704918032,87.0,73.75409836065573,46.33945732052007,6.0,10.00423968343697,31.51271905031091,7.0,16.241661955907293,22.14782362916902
331304.0,4.0,25.0,71.0,47.92933860938384,7.513284341435839,44.55737704918032,62.0,73.75409836065573,46.33945732052007,8.0,10.00423968343697,31.51271905031091,30.0,16.241661955907293,22.14782362916902
331305.0,3.0,11.0,86.0,47.0,4.0,49.0,70.0,75.0,64.0,12.0,4.0,20.0,18.0,21.0,16.0
331309.0,4.0,25.0,71.0,47.92933860938384,7.513284341435839,44.55737704918032,69.0,73.75409836065573,46.33945732052007,12.0,10.00423968343697,31.51271905031091,19.0,16.241661955907293,22.14782362916902
331311.0,9.0,17.0,74.0,49.0,9.0,42.0,61.0,75.0,48.0,20.0,8.0,33.0,19.0,17.0,19.0
331312.0,0.0,5.0,95.0,47.92933860938384,7.513284341435839,44.55737704918032,73.0,73.75409836065573,46.33945732052007,9.0,10.00423968343697,31.51271905031091,18.0,16.241661955907293,22.14782362916902
331313.0,4.0,20.0,76.0,47.92933860938384,7.513284341435839,44.55737704918032,77.0,73.75409836065573,46.33945732052007,17.0,10.00423968343697,31.51271905031091,6.0,16.241661955907293,22.14782362916902
331314.0,8.0,26.0,66.0,48.0,5.0,47.0,59.0,70.0,47.0,21.0,13.0,28.0,20.0,17.0,25.0
331316.0,4.0,17.0,79.0,45.0,5.0,50.0,59.0,75.0,43.0,20.0,7.0,33.0,21.0,18.0,24.0
331319.0,3.0,28.0,69.0,47.92933860938384,7.513284341435839,44.55737704918032,59.0,73.75409836065573,46.33945732052007,24.0,10.00423968343697,31.51271905031091,17.0,16.241661955907293,22.14782362916902
331320.0,2.0,20.0,78.0,45.0,1.0,54.0,66.0,77.0,56.0,11.0,4.0,19.0,23.0,19.0,25.0
331321.0,15.0,24.0,61.0,51.0,11.0,38.0,48.0,61.0,35.0,26.0,12.0,40.0,26.0,27.0,25.0
340001.0,12.0,18.0,70.0,47.0,7.0,46.0,58.0,72.0,44.0,23.0,12.0,34.0,19.0,16.0,22.0
340002.0,22.0,24.0,54.0,56.0,11.0,33.0,49.0,64.0,35.0,31.0,16.0,46.0,20.0,20.0,19.0
340003.0,5.0,16.0,79.0,46.0,4.0,50.0,65.0,79.0,52.0,17.0,10.0,24.0,18.0,11.0,24.0
340004.0,12.0,27.0,61.0,51.0,10.0,39.0,54.0,69.0,39.0,28.0,15.0,40.0,18.0,16.0,21.0
340008.0,8.0,23.0,69.0,53.0,10.0,37.0,62.0,75.0,49.0,19.0,9.0,28.0,19.0,16.0,23.0
340010.0,11.0,25.0,64.0,51.0,7.0,42.0,62.0,77.0,47.0,20.0,10.0,31.0,18.0,13.0,22.0
340013.0,13.0,24.0,63.0,45.0,9.0,46.0,65.0,76.0,54.0,21.0,10.0,32.0,14.0,14.0,14.0
340014.0,11.0,20.0,69.0,50.0,6.0,44.0,57.0,73.0,42.0,22.0,9.0,34.0,21.0,18.0,24.0
340015.0,11.0,27.0,62.0,51.0,9.0,40.0,55.0,70.0,40.0,26.0,12.0,39.0,19.0,18.0,21.0
340016.0,11.0,25.0,64.0,49.0,8.0,43.0,59.0,74.0,43.0,19.0,9.0,29.0,22.0,17.0,28.0
340017.0,5.0,20.0,75.0,46.0,5.0,49.0,65.0,79.0,50.0,18.0,6.0,29.0,17.0,15.0,21.0
340020.0,21.0,26.0,53.0,53.0,12.0,35.0,56.0,71.0,40.0,26.0,12.0,41.0,18.0,17.0,19.0
340021.0,8.0,28.0,64.0,52.0,10.0,38.0,57.0,71.0,43.0,24.0,8.0,40.0,19.0,21.0,17.0
340023.0,4.0,15.0,81.0,44.0,5.0,51.0,60.0,77.0,42.0,19.0,7.0,32.0,21.0,16.0,26.0
340024.0,11.0,32.0,57.0,52.0,5.0,43.0,63.0,77.0,48.0,18.0,6.0,30.0,19.0,17.0,22.0
340027.0,13.0,29.0,58.0,48.0,11.0,41.0,55.0,70.0,40.0,28.0,13.0,43.0,17.0,17.0,17.0
340028.0,15.0,26.0,59.0,52.0,11.0,37.0,60.0,74.0,45.0,23.0,11.0,35.0,17.0,15.0,20.0
340030.0,5.0,14.0,81.0,40.0,5.0,55.0,65.0,80.0,50.0,17.0,7.0,27.0,18.0,13.0,23.0
340032.0,10.0,23.0,67.0,54.0,7.0,39.0,58.0,73.0,44.0,24.0,12.0,36.0,18.0,15.0,20.0
340039.0,6.0,25.0,69.0,55.0,8.0,37.0,54.0,72.0,37.0,24.0,10.0,37.0,22.0,18.0,26.0
340040.0,8.0,22.0,70.0,50.0,7.0,43.0,59.0,72.0,45.0,22.0,11.0,33.0,19.0,17.0,22.0
340041.0,12.0,28.0,60.0,56.0,10.0,34.0,55.0,70.0,41.0,25.0,12.0,37.0,20.0,18.0,22.0
340042.0,13.0,28.0,59.0,50.0,8.0,42.0,60.0,74.0,47.0,22.0,11.0,33.0,18.0,15.0,20.0
340047.0,8.0,21.0,71.0,47.0,8.0,45.0,58.0,71.0,45.0,21.0,10.0,33.0,21.0,19.0,22.0
340049.0,5.0,10.0,85.0,33.0,6.0,61.0,63.0,76.0,51.0,16.0,8.0,23.0,21.0,16.0,26.0
340050.0,12.0,25.0,63.0,55.0,9.0,36.0,66.0,79.0,52.0,18.0,7.0,30.0,16.0,14.0,18.0
340051.0,6.0,18.0,76.0,46.0,4.0,50.0,66.0,80.0,52.0,16.0,7.0,25.0,18.0,13.0,23.0
340053.0,10.0,20.0,70.0,46.0,7.0,47.0,60.0,73.0,47.0,22.0,10.0,35.0,18.0,17.0,18.0
340060.0,11.0,19.0,70.0,49.0,4.0,47.0,63.0,73.0,54.0,17.0,10.0,25.0,20.0,17.0,21.0
340061.0,7.0,19.0,74.0,44.0,6.0,50.0,60.0,74.0,47.0,21.0,10.0,31.0,19.0,16.0,22.0
340064.0,9.0,21.0,70.0,54.0,5.0,41.0,62.0,77.0,46.0,21.0,9.0,34.0,17.0,14.0,20.0
340068.0,13.0,24.0,63.0,51.0,7.0,42.0,60.0,73.0,47.0,24.0,10.0,39.0,16.0,17.0,14.0
340069.0,6.0,19.0,75.0,50.0,8.0,42.0,59.0,74.0,45.0,19.0,9.0,30.0,22.0,17.0,25.0
340070.0,11.0,28.0,61.0,53.0,9.0,38.0,56.0,72.0,41.0,25.0,13.0,37.0,19.0,15.0,22.0
340071.0,10.0,24.0,66.0,50.0,10.0,40.0,58.0,71.0,44.0,18.0,9.0,26.0,24.0,20.0,30.0
340073.0,6.0,15.0,79.0,42.0,5.0,53.0,64.0,78.0,51.0,18.0,9.0,28.0,18.0,13.0,21.0
340075.0,13.0,21.0,66.0,51.0,7.0,42.0,57.0,71.0,43.0,23.0,12.0,34.0,20.0,17.0,23.0
340084.0,9.0,20.0,71.0,47.92933860938384,7.513284341435839,44.55737704918032,51.0,73.75409836065573,46.33945732052007,20.0,10.00423968343697,31.51271905031091,29.0,16.241661955907293,22.14782362916902
340085.0,8.0,23.0,69.0,49.0,5.0,46.0,56.0,68.0,44.0,23.0,10.0,36.0,21.0,22.0,20.0
340087.0,7.0,20.0,73.0,45.0,4.0,51.0,61.0,73.0,49.0,20.0,12.0,29.0,19.0,15.0,22.0
340090.0,8.0,20.0,72.0,47.0,6.0,47.0,63.0,78.0,48.0,19.0,8.0,29.0,18.0,14.0,23.0
340091.0,7.0,19.0,74.0,50.0,6.0,44.0,58.0,73.0,44.0,23.0,10.0,37.0,19.0,17.0,19.0
340096.0,9.0,19.0,72.0,45.0,7.0,48.0,59.0,75.0,42.0,23.0,11.0,34.0,18.0,14.0,24.0
340097.0,6.0,17.0,77.0,43.0,6.0,51.0,58.0,71.0,45.0,21.0,12.0,31.0,21.0,17.0,24.0
340098.0,7.0,18.0,75.0,47.0,8.0,45.0,57.0,74.0,41.0,25.0,11.0,40.0,18.0,15.0,19.0
340099.0,12.0,32.0,56.0,56.0,11.0,33.0,64.0,78.0,50.0,20.0,8.0,32.0,16.0,14.0,18.0
340107.0,9.0,17.0,74.0,50.0,8.0,42.0,62.0,73.0,51.0,20.0,9.0,31.0,18.0,18.0,18.0
340109.0,10.0,23.0,67.0,46.0,7.0,47.0,62.0,74.0,51.0,18.0,8.0,29.0,20.0,18.0,20.0
340113.0,8.0,22.0,70.0,45.0,9.0,46.0,58.0,71.0,44.0,25.0,12.0,37.0,17.0,17.0,19.0
340114.0,6.0,16.0,78.0,44.0,6.0,50.0,62.0,77.0,47.0,20.0,9.0,31.0,18.0,14.0,22.0
340115.0,6.0,15.0,79.0,42.0,6.0,52.0,63.0,77.0,48.0,19.0,9.0,30.0,18.0,14.0,22.0
340116.0,15.0,23.0,62.0,50.0,11.0,39.0,53.0,67.0,39.0,26.0,14.0,39.0,21.0,19.0,22.0
340119.0,6.0,23.0,71.0,47.0,8.0,45.0,59.0,74.0,44.0,20.0,11.0,29.0,21.0,15.0,27.0
340120.0,5.0,21.0,74.0,51.0,1.0,48.0,66.0,81.0,52.0,14.0,4.0,23.0,20.0,15.0,25.0
340123.0,10.0,25.0,65.0,56.0,6.0,38.0,55.0,69.0,41.0,21.0,9.0,33.0,24.0,22.0,26.0
340126.0,18.0,31.0,51.0,55.0,9.0,36.0,52.0,68.0,37.0,28.0,13.0,42.0,20.0,19.0,21.0
340127.0,10.0,27.0,63.0,54.0,7.0,39.0,53.0,69.0,38.0,22.0,11.0,33.0,25.0,20.0,29.0
340129.0,15.0,31.0,54.0,56.0,11.0,33.0,56.0,71.0,41.0,26.0,10.0,41.0,18.0,19.0,18.0
340130.0,6.0,17.0,77.0,50.0,5.0,45.0,61.0,75.0,47.0,21.0,9.0,33.0,18.0,16.0,20.0
340131.0,7.0,19.0,74.0,49.0,7.0,44.0,60.0,73.0,47.0,21.0,10.0,32.0,19.0,17.0,21.0
340132.0,19.0,30.0,51.0,59.0,10.0,31.0,52.0,64.0,40.0,29.0,18.0,39.0,19.0,18.0,21.0
340141.0,17.0,25.0,58.0,52.0,8.0,40.0,57.0,73.0,42.0,24.0,10.0,37.0,19.0,17.0,21.0
340142.0,5.0,22.0,73.0,45.0,6.0,49.0,63.0,76.0,50.0,18.0,9.0,28.0,19.0,15.0,22.0
340143.0,6.0,20.0,74.0,48.0,6.0,46.0,58.0,73.0,44.0,20.0,9.0,31.0,22.0,18.0,25.0
340145.0,4.0,16.0,80.0,45.0,4.0,51.0,64.0,80.0,49.0,18.0,6.0,29.0,18.0,14.0,22.0
340147.0,10.0,23.0,67.0,49.0,7.0,44.0,60.0,74.0,46.0,22.0,11.0,33.0,18.0,15.0,21.0
340148.0,3.0,11.0,86.0,37.0,3.0,60.0,74.0,89.0,60.0,10.0,4.0,17.0,16.0,7.0,23.0
340151.0,17.0,26.0,57.0,49.0,12.0,39.0,57.0,71.0,42.0,28.0,15.0,41.0,15.0,14.0,17.0
340155.0,8.0,24.0,68.0,48.0,5.0,47.0,61.0,75.0,46.0,20.0,9.0,30.0,19.0,16.0,24.0
340156.0,6.0,14.0,80.0,47.92933860938384,7.513284341435839,44.55737704918032,66.0,73.75409836065573,46.33945732052007,13.0,10.00423968343697,31.51271905031091,21.0,16.241661955907293,22.14782362916902
340158.0,7.0,20.0,73.0,49.0,6.0,45.0,61.0,78.0,44.0,20.0,7.0,34.0,19.0,15.0,22.0
340159.0,10.0,25.0,65.0,57.0,5.0,38.0,60.0,78.0,43.0,11.0,2.0,21.0,29.0,20.0,36.0
340166.0,15.0,29.0,56.0,57.0,13.0,30.0,55.0,68.0,41.0,26.0,11.0,40.0,19.0,21.0,19.0
340171.0,9.0,19.0,72.0,49.0,4.0,47.0,56.0,71.0,41.0,23.0,9.0,37.0,21.0,20.0,22.0
340173.0,6.0,21.0,73.0,48.0,6.0,46.0,58.0,74.0,42.0,18.0,8.0,27.0,24.0,18.0,31.0
340183.0,9.0,24.0,67.0,47.0,5.0,48.0,59.0,74.0,44.0,24.0,11.0,37.0,17.0,15.0,19.0
340184.0,12.0,24.0,64.0,54.0,7.0,39.0,61.0,75.0,47.0,20.0,9.0,31.0,19.0,16.0,22.0
340187.0,2.0,9.0,89.0,40.0,4.0,56.0,72.0,84.0,61.0,14.0,4.0,23.0,14.0,12.0,16.0
340188.0,3.0,19.0,78.0,42.0,10.0,48.0,61.0,76.0,46.0,19.0,8.0,29.0,20.0,16.0,25.0
340190.0,5.0,10.0,85.0,40.0,6.0,54.0,64.0,77.0,51.0,19.0,7.0,31.0,17.0,16.0,18.0
341304.0,2.0,4.0,94.0,47.92933860938384,7.513284341435839,44.55737704918032,79.0,73.75409836065573,46.33945732052007,8.0,10.00423968343697,31.51271905031091,13.0,16.241661955907293,22.14782362916902
341305.0,3.0,12.0,85.0,27.0,2.0,71.0,68.0,78.0,59.0,15.0,7.0,23.0,17.0,15.0,18.0
341311.0,3.0,17.0,80.0,43.0,4.0,53.0,71.0,84.0,58.0,13.0,3.0,22.0,16.0,13.0,20.0
341315.0,6.0,26.0,68.0,47.92933860938384,7.513284341435839,44.55737704918032,53.0,73.75409836065573,46.33945732052007,30.0,10.00423968343697,31.51271905031091,17.0,16.241661955907293,22.14782362916902
341316.0,1.0,14.0,85.0,46.0,2.0,52.0,68.0,78.0,57.0,19.0,8.0,31.0,13.0,14.0,12.0
341318.0,8.0,25.0,67.0,44.0,9.0,47.0,65.0,79.0,50.0,20.0,10.0,30.0,15.0,11.0,20.0
341319.0,11.0,21.0,68.0,47.0,10.0,43.0,59.0,73.0,44.0,22.0,7.0,38.0,19.0,20.0,18.0
341322.0,1.0,20.0,79.0,48.0,3.0,49.0,69.0,83.0,56.0,16.0,7.0,24.0,15.0,10.0,20.0
341323.0,1.0,13.0,86.0,34.0,1.0,65.0,71.0,87.0,56.0,12.0,2.0,22.0,17.0,11.0,22.0
341324.0,7.0,16.0,77.0,37.0,4.0,59.0,68.0,83.0,53.0,14.0,6.0,23.0,18.0,11.0,24.0
341325.0,10.0,26.0,64.0,56.0,8.0,36.0,48.0,70.0,26.0,30.0,17.0,42.0,22.0,13.0,32.0
341326.0,7.0,22.0,71.0,50.0,8.0,42.0,59.0,75.0,44.0,23.0,8.0,37.0,18.0,17.0,19.0
341327.0,3.0,9.0,88.0,37.0,2.0,61.0,67.0,84.0,50.0,11.0,4.0,18.0,22.0,12.0,32.0
341328.0,9.0,25.0,66.0,46.0,10.0,44.0,60.0,69.0,51.0,22.0,15.0,29.0,18.0,16.0,20.0
341329.0,6.0,19.0,75.0,47.0,6.0,47.0,71.0,82.0,59.0,15.0,7.0,23.0,14.0,11.0,18.0
350002.0,12.0,29.0,59.0,57.0,7.0,36.0,57.0,72.0,42.0,21.0,10.0,33.0,22.0,18.0,25.0
350006.0,14.0,28.0,58.0,55.0,10.0,35.0,53.0,69.0,36.0,24.0,13.0,36.0,23.0,18.0,28.0
350011.0,8.0,23.0,69.0,50.0,7.0,43.0,52.0,66.0,37.0,22.0,14.0,31.0,26.0,20.0,32.0
350015.0,7.0,26.0,67.0,50.0,7.0,43.0,58.0,70.0,46.0,20.0,9.0,31.0,22.0,21.0,23.0
350019.0,12.0,31.0,57.0,55.0,6.0,39.0,54.0,67.0,41.0,23.0,12.0,35.0,23.0,21.0,24.0
350063.0,12.0,9.0,79.0,47.92933860938384,7.513284341435839,44.55737704918032,62.0,73.75409836065573,46.33945732052007,27.0,10.00423968343697,31.51271905031091,11.0,16.241661955907293,22.14782362916902
350070.0,7.0,18.0,75.0,50.0,6.0,44.0,56.0,72.0,41.0,23.0,9.0,36.0,21.0,19.0,23.0
351300.0,22.0,18.0,60.0,47.92933860938384,7.513284341435839,44.55737704918032,52.0,73.75409836065573,46.33945732052007,24.0,10.00423968343697,31.51271905031091,24.0,16.241661955907293,22.14782362916902
351302.0,11.0,23.0,66.0,56.0,4.0,40.0,58.0,73.0,43.0,20.0,6.0,34.0,22.0,21.0,23.0
351310.0,3.0,21.0,76.0,47.92933860938384,7.513284341435839,44.55737704918032,59.0,73.75409836065573,46.33945732052007,18.0,10.00423968343697,31.51271905031091,23.0,16.241661955907293,22.14782362916902
351314.0,22.0,25.0,53.0,47.92933860938384,7.513284341435839,44.55737704918032,33.0,73.75409836065573,46.33945732052007,46.0,10.00423968343697,31.51271905031091,21.0,16.241661955907293,22.14782362916902
351315.0,1.0,11.0,88.0,49.0,5.0,46.0,71.0,91.0,51.0,8.0,0.0,18.0,21.0,9.0,31.0
351318.0,4.0,14.0,82.0,47.92933860938384,7.513284341435839,44.55737704918032,83.0,73.75409836065573,46.33945732052007,2.0,10.00423968343697,31.51271905031091,15.0,16.241661955907293,22.14782362916902
351321.0,3.0,8.0,89.0,47.92933860938384,7.513284341435839,44.55737704918032,69.0,73.75409836065573,46.33945732052007,15.0,10.00423968343697,31.51271905031091,16.0,16.241661955907293,22.14782362916902
351323.0,3.0,7.0,90.0,47.92933860938384,7.513284341435839,44.55737704918032,77.0,73.75409836065573,46.33945732052007,7.0,10.00423968343697,31.51271905031091,16.0,16.241661955907293,22.14782362916902
351324.0,6.0,18.0,76.0,47.92933860938384,7.513284341435839,44.55737704918032,79.0,73.75409836065573,46.33945732052007,11.0,10.00423968343697,31.51271905031091,10.0,16.241661955907293,22.14782362916902
351326.0,4.0,11.0,85.0,47.92933860938384,7.513284341435839,44.55737704918032,66.0,73.75409836065573,46.33945732052007,12.0,10.00423968343697,31.51271905031091,22.0,16.241661955907293,22.14782362916902
351328.0,4.0,17.0,79.0,47.92933860938384,7.513284341435839,44.55737704918032,70.0,73.75409836065573,46.33945732052007,13.0,10.00423968343697,31.51271905031091,17.0,16.241661955907293,22.14782362916902
351330.0,3.0,13.0,84.0,41.0,6.0,53.0,63.0,76.0,51.0,14.0,12.0,17.0,23.0,12.0,32.0
351331.0,0.0,5.0,95.0,47.92933860938384,7.513284341435839,44.55737704918032,97.0,73.75409836065573,46.33945732052007,0.0,10.00423968343697,31.51271905031091,3.0,16.241661955907293,22.14782362916902
351332.0,2.0,25.0,73.0,47.92933860938384,7.513284341435839,44.55737704918032,80.0,73.75409836065573,46.33945732052007,4.0,10.00423968343697,31.51271905031091,16.0,16.241661955907293,22.14782362916902
351333.0,11.0,27.0,62.0,45.0,5.0,50.0,72.0,84.0,60.0,20.0,12.0,28.0,8.0,4.0,12.0
351334.0,13.0,38.0,49.0,63.0,6.0,31.0,55.0,66.0,44.0,23.0,13.0,33.0,22.0,21.0,23.0
351335.0,5.0,16.0,79.0,47.0,3.0,50.0,69.0,83.0,55.0,13.0,5.0,21.0,18.0,12.0,24.0
351336.0,12.0,21.0,67.0,55.0,5.0,40.0,55.0,72.0,39.0,19.0,10.0,28.0,26.0,18.0,33.0
360001.0,11.0,23.0,66.0,52.0,8.0,40.0,56.0,72.0,39.0,24.0,10.0,39.0,20.0,18.0,22.0
360002.0,5.0,21.0,74.0,47.0,7.0,46.0,61.0,73.0,50.0,19.0,9.0,29.0,20.0,18.0,21.0
360003.0,11.0,23.0,66.0,47.0,8.0,45.0,56.0,70.0,42.0,24.0,12.0,36.0,20.0,18.0,22.0
360006.0,9.0,18.0,73.0,40.0,8.0,52.0,59.0,74.0,44.0,22.0,11.0,33.0,19.0,15.0,23.0
360008.0,7.0,21.0,72.0,48.0,6.0,46.0,65.0,76.0,54.0,15.0,6.0,23.0,20.0,18.0,23.0
360009.0,9.0,19.0,72.0,52.0,4.0,44.0,56.0,73.0,39.0,22.0,7.0,37.0,22.0,20.0,24.0
360010.0,11.0,29.0,60.0,56.0,6.0,38.0,53.0,68.0,37.0,28.0,15.0,40.0,19.0,17.0,23.0
360011.0,10.0,23.0,67.0,52.0,7.0,41.0,58.0,74.0,42.0,23.0,11.0,34.0,19.0,15.0,24.0
360012.0,7.0,21.0,72.0,50.0,6.0,44.0,56.0,73.0,40.0,22.0,8.0,36.0,22.0,19.0,24.0
360013.0,7.0,23.0,70.0,45.0,5.0,50.0,56.0,72.0,41.0,19.0,8.0,30.0,25.0,20.0,29.0
360014.0,11.0,23.0,66.0,47.0,7.0,46.0,57.0,73.0,42.0,20.0,10.0,29.0,23.0,17.0,29.0
360016.0,9.0,20.0,71.0,49.0,5.0,46.0,59.0,74.0,44.0,21.0,9.0,32.0,20.0,17.0,24.0
360017.0,13.0,25.0,62.0,49.0,12.0,39.0,56.0,69.0,44.0,25.0,13.0,37.0,19.0,18.0,19.0
360020.0,9.0,21.0,70.0,51.0,7.0,42.0,57.0,71.0,43.0,23.0,11.0,34.0,20.0,18.0,23.0
360025.0,6.0,26.0,68.0,52.0,6.0,42.0,58.0,71.0,46.0,20.0,9.0,31.0,22.0,20.0,23.0
360026.0,6.0,15.0,79.0,45.0,3.0,52.0,59.0,75.0,42.0,16.0,8.0,25.0,25.0,17.0,33.0
360027.0,14.0,26.0,60.0,53.0,9.0,38.0,51.0,67.0,35.0,27.0,13.0,42.0,22.0,20.0,23.0
360029.0,6.0,19.0,75.0,49.0,6.0,45.0,65.0,78.0,52.0,16.0,6.0,27.0,19.0,16.0,21.0
360032.0,4.0,24.0,72.0,48.0,3.0,49.0,60.0,74.0,47.0,19.0,9.0,29.0,21.0,17.0,24.0
360035.0,12.0,20.0,68.0,47.0,11.0,42.0,53.0,67.0,39.0,27.0,15.0,40.0,20.0,18.0,21.0
360036.0,7.0,21.0,72.0,49.0,7.0,44.0,59.0,73.0,45.0,21.0,11.0,31.0,20.0,16.0,24.0
360039.0,7.0,24.0,69.0,49.0,6.0,45.0,59.0,73.0,44.0,19.0,9.0,28.0,22.0,18.0,28.0
360040.0,8.0,23.0,69.0,53.0,5.0,42.0,59.0,74.0,44.0,21.0,9.0,33.0,20.0,17.0,23.0
360041.0,8.0,20.0,72.0,48.0,7.0,45.0,59.0,75.0,44.0,21.0,9.0,32.0,20.0,16.0,24.0
360044.0,9.0,24.0,67.0,47.0,5.0,48.0,60.0,70.0,49.0,13.0,7.0,18.0,27.0,23.0,33.0
360046.0,3.0,14.0,83.0,39.0,5.0,56.0,69.0,83.0,55.0,14.0,6.0,22.0,17.0,11.0,23.0
360048.0,10.0,24.0,66.0,50.0,8.0,42.0,58.0,73.0,42.0,22.0,9.0,35.0,20.0,18.0,23.0
360051.0,16.0,26.0,58.0,50.0,9.0,41.0,52.0,68.0,36.0,26.0,13.0,39.0,22.0,19.0,25.0
360054.0,9.0,21.0,70.0,48.0,5.0,47.0,65.0,79.0,51.0,20.0,9.0,32.0,15.0,12.0,17.0
360055.0,20.0,31.0,49.0,57.0,10.0,33.0,53.0,68.0,39.0,25.0,12.0,39.0,22.0,20.0,22.0
360056.0,11.0,24.0,65.0,51.0,8.0,41.0,57.0,71.0,43.0,25.0,12.0,37.0,18.0,17.0,20.0
360058.0,4.0,17.0,79.0,55.0,3.0,42.0,64.0,79.0,48.0,15.0,7.0,24.0,21.0,14.0,28.0
360059.0,10.0,19.0,71.0,51.0,10.0,39.0,57.0,71.0,44.0,23.0,12.0,34.0,20.0,17.0,22.0
360064.0,19.0,26.0,55.0,52.0,12.0,36.0,52.0,68.0,36.0,27.0,12.0,42.0,21.0,20.0,22.0
360065.0,11.0,20.0,69.0,55.0,6.0,39.0,58.0,74.0,42.0,22.0,9.0,36.0,20.0,17.0,22.0
360066.0,9.0,22.0,69.0,49.0,6.0,45.0,59.0,72.0,45.0,18.0,8.0,29.0,23.0,20.0,26.0
360068.0,7.0,19.0,74.0,49.0,6.0,45.0,60.0,75.0,45.0,19.0,8.0,31.0,21.0,17.0,24.0
360070.0,14.0,28.0,58.0,55.0,10.0,35.0,53.0,70.0,37.0,28.0,13.0,43.0,19.0,17.0,20.0
360071.0,7.0,21.0,72.0,55.0,6.0,39.0,60.0,74.0,46.0,17.0,8.0,27.0,23.0,18.0,27.0
360072.0,8.0,21.0,71.0,51.0,4.0,45.0,63.0,76.0,50.0,18.0,9.0,27.0,19.0,15.0,23.0
360075.0,6.0,20.0,74.0,49.0,6.0,45.0,60.0,75.0,45.0,21.0,9.0,34.0,19.0,16.0,21.0
360076.0,12.0,23.0,65.0,53.0,5.0,42.0,54.0,70.0,37.0,24.0,10.0,37.0,22.0,20.0,26.0
360077.0,7.0,22.0,71.0,47.0,7.0,46.0,59.0,73.0,45.0,22.0,10.0,35.0,19.0,17.0,20.0
360078.0,8.0,24.0,68.0,53.0,5.0,42.0,57.0,72.0,42.0,24.0,11.0,36.0,19.0,17.0,22.0
360079.0,7.0,17.0,76.0,47.0,6.0,47.0,58.0,73.0,44.0,22.0,10.0,34.0,20.0,17.0,22.0
360080.0,14.0,21.0,65.0,57.0,9.0,34.0,56.0,73.0,40.0,24.0,10.0,38.0,20.0,17.0,22.0
360082.0,13.0,27.0,60.0,54.0,8.0,38.0,56.0,70.0,42.0,25.0,13.0,37.0,19.0,17.0,21.0
360084.0,10.0,25.0,65.0,54.0,8.0,38.0,54.0,70.0,38.0,26.0,12.0,40.0,20.0,18.0,22.0
360085.0,8.0,20.0,72.0,47.0,6.0,47.0,57.0,71.0,44.0,23.0,11.0,35.0,20.0,18.0,21.0
360086.0,15.0,29.0,56.0,56.0,11.0,33.0,50.0,65.0,35.0,30.0,15.0,44.0,20.0,20.0,21.0
360087.0,16.0,24.0,60.0,44.0,14.0,42.0,52.0,67.0,37.0,28.0,15.0,42.0,20.0,18.0,21.0
360089.0,6.0,19.0,75.0,50.0,4.0,46.0,63.0,76.0,50.0,19.0,10.0,27.0,18.0,14.0,23.0
360091.0,10.0,23.0,67.0,54.0,5.0,41.0,58.0,73.0,43.0,24.0,11.0,37.0,18.0,16.0,20.0
360092.0,4.0,13.0,83.0,43.0,4.0,53.0,64.0,77.0,52.0,15.0,7.0,22.0,21.0,16.0,26.0
360095.0,6.0,19.0,75.0,46.0,5.0,49.0,63.0,77.0,50.0,17.0,7.0,26.0,20.0,16.0,24.0
360096.0,10.0,25.0,65.0,53.0,9.0,38.0,58.0,73.0,43.0,21.0,11.0,30.0,21.0,16.0,27.0
360098.0,14.0,26.0,60.0,52.0,10.0,38.0,53.0,68.0,37.0,27.0,13.0,41.0,20.0,19.0,22.0
360107.0,6.0,12.0,82.0,49.0,6.0,45.0,61.0,75.0,46.0,18.0,11.0,25.0,21.0,14.0,29.0
360109.0,6.0,26.0,68.0,48.0,8.0,44.0,53.0,68.0,38.0,23.0,10.0,36.0,24.0,22.0,26.0
360112.0,9.0,22.0,69.0,49.0,8.0,43.0,56.0,71.0,42.0,23.0,11.0,35.0,21.0,18.0,23.0
360118.0,7.0,21.0,72.0,49.0,6.0,45.0,61.0,76.0,47.0,20.0,7.0,32.0,19.0,17.0,21.0
360121.0,3.0,18.0,79.0,42.0,4.0,54.0,65.0,76.0,53.0,14.0,6.0,21.0,21.0,18.0,26.0
360123.0,9.0,22.0,69.0,48.0,7.0,45.0,61.0,76.0,45.0,21.0,8.0,34.0,18.0,16.0,21.0
360125.0,13.0,27.0,60.0,52.0,8.0,40.0,58.0,73.0,44.0,23.0,8.0,38.0,19.0,19.0,18.0
360131.0,7.0,20.0,73.0,52.0,5.0,43.0,61.0,69.0,52.0,19.0,7.0,32.0,20.0,24.0,16.0
360132.0,12.0,21.0,67.0,46.0,11.0,43.0,56.0,71.0,42.0,22.0,10.0,33.0,22.0,19.0,25.0
360133.0,11.0,22.0,67.0,47.0,9.0,44.0,55.0,70.0,39.0,24.0,12.0,37.0,21.0,18.0,24.0
360134.0,9.0,21.0,70.0,47.0,7.0,46.0,54.0,67.0,42.0,26.0,14.0,39.0,20.0,19.0,19.0
360137.0,11.0,22.0,67.0,47.0,8.0,45.0,57.0,72.0,42.0,22.0,10.0,34.0,21.0,18.0,24.0
360143.0,10.0,25.0,65.0,51.0,8.0,41.0,57.0,71.0,43.0,24.0,10.0,38.0,19.0,19.0,19.0
360144.0,10.0,25.0,65.0,53.0,9.0,38.0,55.0,70.0,40.0,25.0,10.0,40.0,20.0,20.0,20.0
360145.0,10.0,22.0,68.0,51.0,7.0,42.0,57.0,72.0,42.0,22.0,9.0,35.0,21.0,19.0,23.0
360147.0,9.0,24.0,67.0,50.0,6.0,44.0,60.0,73.0,47.0,21.0,12.0,31.0,19.0,15.0,22.0
360148.0,7.0,24.0,69.0,63.0,6.0,31.0,51.0,68.0,34.0,25.0,10.0,40.0,24.0,22.0,26.0
360150.0,5.0,21.0,74.0,46.0,5.0,49.0,62.0,77.0,47.0,17.0,6.0,27.0,21.0,17.0,26.0
360152.0,9.0,21.0,70.0,47.0,7.0,46.0,60.0,72.0,48.0,21.0,11.0,31.0,19.0,17.0,21.0
360155.0,8.0,19.0,73.0,51.0,7.0,42.0,58.0,72.0,44.0,24.0,11.0,36.0,18.0,17.0,20.0
360156.0,11.0,19.0,70.0,50.0,8.0,42.0,61.0,74.0,48.0,23.0,10.0,37.0,16.0,16.0,15.0
360159.0,17.0,24.0,59.0,51.0,11.0,38.0,54.0,70.0,39.0,24.0,11.0,37.0,22.0,19.0,24.0
360161.0,10.0,28.0,62.0,54.0,6.0,40.0,57.0,72.0,42.0,21.0,9.0,33.0,22.0,19.0,25.0
360163.0,5.0,15.0,80.0,43.0,5.0,52.0,61.0,77.0,44.0,20.0,8.0,32.0,19.0,15.0,24.0
360170.0,8.0,24.0,68.0,54.0,7.0,39.0,58.0,71.0,45.0,21.0,10.0,31.0,21.0,19.0,24.0
360172.0,15.0,26.0,59.0,50.0,10.0,40.0,53.0,63.0,42.0,28.0,17.0,39.0,19.0,20.0,19.0
360174.0,8.0,21.0,71.0,51.0,5.0,44.0,60.0,75.0,45.0,19.0,9.0,29.0,21.0,16.0,26.0
360175.0,10.0,27.0,63.0,56.0,8.0,36.0,56.0,68.0,44.0,26.0,13.0,40.0,18.0,19.0,16.0
360179.0,11.0,23.0,66.0,50.0,7.0,43.0,53.0,68.0,37.0,27.0,12.0,41.0,20.0,20.0,22.0
360180.0,7.0,17.0,76.0,42.0,6.0,52.0,58.0,74.0,42.0,22.0,9.0,36.0,20.0,17.0,22.0
360185.0,11.0,25.0,64.0,57.0,6.0,37.0,55.0,71.0,38.0,25.0,12.0,38.0,20.0,17.0,24.0
360189.0,5.0,18.0,77.0,56.0,5.0,39.0,60.0,78.0,42.0,15.0,3.0,26.0,25.0,19.0,32.0
360197.0,4.0,20.0,76.0,43.0,3.0,54.0,65.0,81.0,49.0,13.0,4.0,23.0,22.0,15.0,28.0
360203.0,11.0,25.0,64.0,52.0,5.0,43.0,62.0,74.0,50.0,20.0,10.0,30.0,18.0,16.0,20.0
360210.0,10.0,18.0,72.0,49.0,7.0,44.0,63.0,76.0,51.0,17.0,8.0,26.0,20.0,16.0,23.0
360211.0,17.0,31.0,52.0,57.0,12.0,31.0,53.0,69.0,38.0,26.0,12.0,39.0,21.0,19.0,23.0
360218.0,8.0,25.0,67.0,50.0,7.0,43.0,57.0,73.0,42.0,22.0,9.0,36.0,21.0,18.0,22.0
360230.0,11.0,26.0,63.0,50.0,8.0,42.0,54.0,70.0,37.0,26.0,10.0,42.0,20.0,20.0,21.0
360234.0,8.0,22.0,70.0,50.0,8.0,42.0,58.0,73.0,43.0,22.0,9.0,34.0,20.0,18.0,23.0
360236.0,9.0,23.0,68.0,53.0,6.0,41.0,55.0,72.0,38.0,21.0,9.0,33.0,24.0,19.0,29.0
360239.0,6.0,20.0,74.0,48.0,5.0,47.0,64.0,77.0,50.0,18.0,7.0,29.0,18.0,16.0,21.0
360259.0,4.0,24.0,72.0,47.0,7.0,46.0,65.0,78.0,52.0,18.0,8.0,27.0,17.0,14.0,21.0
360263.0,3.0,12.0,85.0,36.0,3.0,61.0,75.0,90.0,61.0,12.0,3.0,22.0,13.0,7.0,17.0
360266.0,4.0,13.0,83.0,41.0,5.0,54.0,69.0,84.0,54.0,15.0,7.0,24.0,16.0,9.0,22.0
360270.0,3.0,13.0,84.0,45.0,4.0,51.0,67.0,82.0,53.0,17.0,7.0,27.0,16.0,11.0,20.0
360276.0,9.0,23.0,68.0,51.0,8.0,41.0,59.0,75.0,44.0,24.0,11.0,36.0,17.0,14.0,20.0
360348.0,8.0,17.0,75.0,45.0,7.0,48.0,56.0,73.0,39.0,23.0,9.0,38.0,21.0,18.0,23.0
360351.0,4.0,8.0,88.0,35.0,5.0,60.0,72.0,85.0,58.0,14.0,4.0,23.0,14.0,11.0,19.0
360352.0,2.0,5.0,93.0,36.0,3.0,61.0,79.0,93.0,66.0,9.0,2.0,16.0,12.0,5.0,18.0
360354.0,9.0,20.0,71.0,44.0,9.0,47.0,55.0,70.0,40.0,25.0,13.0,37.0,20.0,17.0,23.0
360355.0,2.0,6.0,92.0,43.0,1.0,56.0,77.0,92.0,62.0,11.0,6.0,17.0,12.0,2.0,21.0
360358.0,2.0,14.0,84.0,47.92933860938384,7.513284341435839,44.55737704918032,72.0,73.75409836065573,46.33945732052007,10.0,10.00423968343697,31.51271905031091,18.0,16.241661955907293,22.14782362916902
360359.0,11.0,23.0,66.0,48.0,11.0,41.0,52.0,68.0,37.0,29.0,14.0,44.0,19.0,18.0,19.0
360360.0,7.0,15.0,78.0,45.0,5.0,50.0,62.0,75.0,49.0,19.0,9.0,30.0,19.0,16.0,21.0
360364.0,6.0,17.0,77.0,45.0,6.0,49.0,59.0,73.0,45.0,20.0,8.0,33.0,21.0,19.0,22.0
360365.0,7.0,14.0,79.0,39.0,8.0,53.0,61.0,77.0,45.0,18.0,5.0,31.0,21.0,18.0,24.0
360367.0,2.0,8.0,90.0,43.0,5.0,52.0,58.0,78.0,37.0,19.0,6.0,32.0,23.0,16.0,31.0
360368.0,3.0,12.0,85.0,49.0,3.0,48.0,63.0,79.0,48.0,16.0,6.0,26.0,21.0,15.0,26.0
361300.0,6.0,15.0,79.0,38.0,11.0,51.0,56.0,74.0,39.0,20.0,13.0,26.0,24.0,13.0,35.0
361301.0,8.0,16.0,76.0,47.92933860938384,7.513284341435839,44.55737704918032,74.0,73.75409836065573,46.33945732052007,13.0,10.00423968343697,31.51271905031091,13.0,16.241661955907293,22.14782362916902
361303.0,7.0,8.0,85.0,45.0,1.0,54.0,61.0,74.0,48.0,21.0,5.0,38.0,18.0,21.0,14.0
361306.0,3.0,11.0,86.0,41.0,5.0,54.0,70.0,87.0,52.0,14.0,4.0,23.0,16.0,9.0,25.0
361307.0,5.0,11.0,84.0,40.0,4.0,56.0,67.0,81.0,52.0,16.0,8.0,24.0,17.0,11.0,24.0
361308.0,3.0,17.0,80.0,49.0,6.0,45.0,69.0,85.0,52.0,9.0,1.0,18.0,22.0,14.0,30.0
361309.0,4.0,15.0,81.0,47.0,5.0,48.0,57.0,70.0,44.0,20.0,13.0,26.0,23.0,17.0,30.0
361310.0,0.0,15.0,85.0,32.0,4.0,64.0,77.0,93.0,59.0,8.0,0.0,17.0,15.0,7.0,24.0
361311.0,7.0,13.0,80.0,47.92933860938384,7.513284341435839,44.55737704918032,67.0,73.75409836065573,46.33945732052007,17.0,10.00423968343697,31.51271905031091,16.0,16.241661955907293,22.14782362916902
361312.0,2.0,25.0,73.0,55.0,1.0,44.0,65.0,77.0,53.0,14.0,5.0,22.0,21.0,18.0,25.0
361314.0,6.0,20.0,74.0,56.0,6.0,38.0,55.0,72.0,38.0,17.0,6.0,28.0,28.0,22.0,34.0
361316.0,9.0,26.0,65.0,55.0,7.0,38.0,55.0,67.0,42.0,18.0,14.0,22.0,27.0,19.0,36.0
361318.0,7.0,19.0,74.0,41.0,4.0,55.0,62.0,78.0,47.0,21.0,11.0,31.0,17.0,11.0,22.0
361319.0,3.0,12.0,85.0,43.0,4.0,53.0,72.0,88.0,56.0,13.0,5.0,22.0,15.0,7.0,22.0
361320.0,8.0,16.0,76.0,54.0,4.0,42.0,73.0,83.0,62.0,15.0,6.0,25.0,12.0,11.0,13.0
361321.0,4.0,17.0,79.0,46.0,6.0,48.0,77.0,85.0,69.0,6.0,0.0,14.0,17.0,15.0,17.0
361322.0,3.0,13.0,84.0,47.92933860938384,7.513284341435839,44.55737704918032,78.0,73.75409836065573,46.33945732052007,8.0,10.00423968343697,31.51271905031091,14.0,16.241661955907293,22.14782362916902
361323.0,9.0,22.0,69.0,61.0,5.0,34.0,55.0,71.0,39.0,22.0,12.0,33.0,23.0,17.0,28.0
361325.0,6.0,23.0,71.0,52.0,4.0,44.0,65.0,78.0,52.0,14.0,8.0,21.0,21.0,14.0,27.0
361326.0,12.0,17.0,71.0,46.0,7.0,47.0,63.0,72.0,53.0,21.0,13.0,29.0,16.0,15.0,18.0
361328.0,3.0,15.0,82.0,43.0,2.0,55.0,70.0,85.0,55.0,16.0,4.0,27.0,14.0,11.0,18.0
361329.0,5.0,12.0,83.0,41.0,1.0,58.0,72.0,84.0,61.0,11.0,3.0,19.0,17.0,13.0,20.0
361330.0,13.0,15.0,72.0,47.0,3.0,50.0,61.0,75.0,46.0,21.0,9.0,32.0,18.0,16.0,22.0
361331.0,14.0,35.0,51.0,47.92933860938384,7.513284341435839,44.55737704918032,56.0,73.75409836065573,46.33945732052007,22.0,10.00423968343697,31.51271905031091,22.0,16.241661955907293,22.14782362916902
361332.0,5.0,24.0,71.0,49.0,6.0,45.0,59.0,77.0,41.0,20.0,5.0,36.0,21.0,18.0,23.0
361333.0,6.0,20.0,74.0,47.0,5.0,48.0,54.0,68.0,40.0,23.0,11.0,35.0,23.0,21.0,25.0
361334.0,11.0,14.0,75.0,47.92933860938384,7.513284341435839,44.55737704918032,64.0,73.75409836065573,46.33945732052007,21.0,10.00423968343697,31.51271905031091,15.0,16.241661955907293,22.14782362916902
370001.0,10.0,23.0,67.0,50.0,8.0,42.0,57.0,70.0,43.0,23.0,9.0,36.0,20.0,21.0,21.0
370002.0,13.0,29.0,58.0,56.0,7.0,37.0,66.0,80.0,52.0,16.0,7.0,25.0,18.0,13.0,23.0
370004.0,5.0,18.0,77.0,53.0,4.0,43.0,70.0,83.0,56.0,16.0,8.0,23.0,14.0,9.0,21.0
370006.0,13.0,22.0,65.0,59.0,6.0,35.0,63.0,76.0,49.0,22.0,14.0,29.0,15.0,10.0,22.0
370008.0,8.0,21.0,71.0,51.0,8.0,41.0,55.0,67.0,43.0,24.0,15.0,34.0,21.0,18.0,23.0
370013.0,10.0,20.0,70.0,46.0,4.0,50.0,57.0,72.0,43.0,22.0,10.0,33.0,21.0,18.0,24.0
370014.0,14.0,28.0,58.0,52.0,11.0,37.0,55.0,66.0,44.0,23.0,11.0,35.0,22.0,23.0,21.0
370015.0,5.0,11.0,84.0,49.0,3.0,48.0,71.0,84.0,57.0,16.0,6.0,26.0,13.0,10.0,17.0
370016.0,8.0,19.0,73.0,47.0,5.0,48.0,62.0,75.0,49.0,19.0,8.0,30.0,19.0,17.0,21.0
370018.0,8.0,21.0,71.0,53.0,8.0,39.0,61.0,75.0,47.0,20.0,9.0,30.0,19.0,16.0,23.0
370019.0,8.0,23.0,69.0,46.0,5.0,49.0,57.0,65.0,48.0,22.0,11.0,32.0,21.0,24.0,20.0
370020.0,11.0,25.0,64.0,54.0,6.0,40.0,57.0,67.0,47.0,19.0,9.0,29.0,24.0,24.0,24.0
370022.0,9.0,22.0,69.0,51.0,6.0,43.0,63.0,79.0,47.0,17.0,7.0,28.0,20.0,14.0,25.0
370023.0,6.0,15.0,79.0,53.0,4.0,43.0,66.0,78.0,55.0,20.0,9.0,30.0,14.0,13.0,15.0
370025.0,9.0,22.0,69.0,50.0,10.0,40.0,57.0,73.0,42.0,22.0,10.0,33.0,21.0,17.0,25.0
370026.0,7.0,19.0,74.0,49.0,5.0,46.0,58.0,71.0,45.0,21.0,11.0,30.0,21.0,18.0,25.0
370028.0,7.0,20.0,73.0,46.0,6.0,48.0,57.0,71.0,43.0,22.0,11.0,34.0,21.0,18.0,23.0
370034.0,11.0,25.0,64.0,54.0,7.0,39.0,63.0,75.0,52.0,20.0,10.0,31.0,17.0,15.0,17.0
370037.0,9.0,20.0,71.0,48.0,8.0,44.0,58.0,71.0,45.0,23.0,12.0,33.0,19.0,17.0,22.0
370039.0,11.0,23.0,66.0,51.0,8.0,41.0,56.0,69.0,43.0,22.0,8.0,36.0,22.0,23.0,21.0
370047.0,9.0,26.0,65.0,52.0,9.0,39.0,60.0,72.0,48.0,22.0,11.0,34.0,18.0,17.0,18.0
370049.0,5.0,18.0,77.0,47.0,3.0,50.0,63.0,73.0,53.0,17.0,7.0,27.0,20.0,20.0,20.0
370054.0,10.0,27.0,63.0,55.0,8.0,37.0,53.0,65.0,42.0,20.0,11.0,29.0,27.0,24.0,29.0
370056.0,11.0,26.0,63.0,53.0,6.0,41.0,59.0,73.0,45.0,22.0,12.0,33.0,19.0,15.0,22.0
370057.0,10.0,16.0,74.0,47.92933860938384,7.513284341435839,44.55737704918032,68.0,73.75409836065573,46.33945732052007,15.0,10.00423968343697,31.51271905031091,17.0,16.241661955907293,22.14782362916902
370078.0,12.0,20.0,68.0,52.0,10.0,38.0,54.0,67.0,42.0,26.0,14.0,38.0,20.0,19.0,20.0
370083.0,36.0,31.0,33.0,47.92933860938384,7.513284341435839,44.55737704918032,58.0,73.75409836065573,46.33945732052007,21.0,10.00423968343697,31.51271905031091,21.0,16.241661955907293,22.14782362916902
370089.0,11.0,21.0,68.0,51.0,9.0,40.0,58.0,74.0,41.0,22.0,10.0,34.0,20.0,16.0,25.0
370091.0,5.0,18.0,77.0,46.0,7.0,47.0,57.0,74.0,41.0,20.0,9.0,31.0,23.0,17.0,28.0
370093.0,15.0,25.0,60.0,51.0,9.0,40.0,53.0,67.0,39.0,24.0,13.0,36.0,23.0,20.0,25.0
370094.0,16.0,27.0,57.0,55.0,11.0,34.0,47.0,59.0,34.0,32.0,17.0,46.0,21.0,24.0,20.0
370097.0,12.0,29.0,59.0,48.0,10.0,42.0,55.0,66.0,44.0,26.0,13.0,39.0,19.0,21.0,17.0
370099.0,4.0,18.0,78.0,40.0,10.0,50.0,66.0,86.0,46.0,13.0,4.0,24.0,21.0,10.0,30.0
370100.0,14.0,22.0,64.0,31.0,13.0,56.0,64.0,69.0,58.0,27.0,16.0,38.0,9.0,15.0,4.0
370106.0,14.0,26.0,60.0,52.0,8.0,40.0,47.0,60.0,34.0,30.0,18.0,42.0,23.0,22.0,24.0
370112.0,3.0,27.0,70.0,53.0,1.0,46.0,74.0,84.0,65.0,10.0,7.0,13.0,16.0,9.0,22.0
370113.0,7.0,18.0,75.0,47.0,5.0,48.0,65.0,78.0,52.0,18.0,9.0,28.0,17.0,13.0,20.0
370114.0,13.0,25.0,62.0,50.0,11.0,39.0,52.0,67.0,38.0,26.0,13.0,38.0,22.0,20.0,24.0
370149.0,8.0,18.0,74.0,44.0,9.0,47.0,66.0,78.0,54.0,18.0,10.0,25.0,16.0,12.0,21.0
370153.0,7.0,35.0,58.0,47.92933860938384,7.513284341435839,44.55737704918032,39.0,73.75409836065573,46.33945732052007,34.0,10.00423968343697,31.51271905031091,27.0,16.241661955907293,22.14782362916902
370158.0,7.0,11.0,82.0,39.0,11.0,50.0,60.0,75.0,45.0,26.0,15.0,37.0,14.0,10.0,18.0
370166.0,7.0,18.0,75.0,45.0,1.0,54.0,65.0,79.0,52.0,17.0,11.0,23.0,18.0,10.0,25.0
370170.0,4.0,13.0,83.0,47.92933860938384,7.513284341435839,44.55737704918032,69.0,73.75409836065573,46.33945732052007,16.0,10.00423968343697,31.51271905031091,15.0,16.241661955907293,22.14782362916902
370171.0,5.0,24.0,71.0,48.0,7.0,45.0,65.0,75.0,55.0,17.0,7.0,28.0,18.0,18.0,17.0
370172.0,5.0,13.0,82.0,39.0,5.0,56.0,68.0,78.0,59.0,14.0,7.0,21.0,18.0,15.0,20.0
370173.0,4.0,19.0,77.0,42.0,4.0,54.0,77.0,87.0,68.0,9.0,3.0,15.0,14.0,10.0,17.0
370178.0,14.0,22.0,64.0,52.0,9.0,39.0,65.0,83.0,48.0,19.0,3.0,35.0,16.0,14.0,17.0
370180.0,4.0,12.0,84.0,38.0,4.0,58.0,67.0,79.0,54.0,14.0,6.0,22.0,19.0,15.0,24.0
370183.0,5.0,11.0,84.0,47.92933860938384,7.513284341435839,44.55737704918032,63.0,73.75409836065573,46.33945732052007,22.0,10.00423968343697,31.51271905031091,15.0,16.241661955907293,22.14782362916902
370192.0,5.0,4.0,91.0,47.92933860938384,7.513284341435839,44.55737704918032,78.0,73.75409836065573,46.33945732052007,11.0,10.00423968343697,31.51271905031091,11.0,16.241661955907293,22.14782362916902
370199.0,8.0,14.0,78.0,38.0,6.0,56.0,62.0,76.0,49.0,18.0,7.0,29.0,20.0,17.0,22.0
370201.0,5.0,23.0,72.0,36.0,11.0,53.0,68.0,79.0,56.0,23.0,11.0,34.0,9.0,10.0,10.0
370202.0,9.0,20.0,71.0,48.0,8.0,44.0,60.0,74.0,46.0,21.0,12.0,30.0,19.0,14.0,24.0
370203.0,9.0,14.0,77.0,40.0,6.0,54.0,61.0,76.0,46.0,19.0,9.0,28.0,20.0,15.0,26.0
370206.0,4.0,13.0,83.0,38.0,5.0,57.0,66.0,80.0,53.0,17.0,7.0,27.0,17.0,13.0,20.0
370210.0,4.0,10.0,86.0,41.0,6.0,53.0,70.0,79.0,60.0,19.0,11.0,27.0,11.0,10.0,13.0
370211.0,5.0,21.0,74.0,46.0,7.0,47.0,59.0,73.0,45.0,24.0,11.0,38.0,17.0,16.0,17.0
370212.0,5.0,7.0,88.0,34.0,9.0,57.0,74.0,88.0,59.0,13.0,7.0,19.0,13.0,5.0,22.0
370215.0,2.0,6.0,92.0,33.0,4.0,63.0,73.0,85.0,61.0,12.0,5.0,19.0,15.0,10.0,20.0
370216.0,3.0,5.0,92.0,29.0,3.0,68.0,82.0,91.0,73.0,7.0,2.0,12.0,11.0,7.0,15.0
370218.0,4.0,15.0,81.0,42.0,8.0,50.0,61.0,75.0,47.0,19.0,9.0,28.0,20.0,16.0,25.0
370220.0,4.0,14.0,82.0,38.0,2.0,60.0,78.0,87.0,68.0,12.0,5.0,18.0,10.0,8.0,14.0
370222.0,4.0,10.0,86.0,37.0,4.0,59.0,71.0,85.0,57.0,14.0,5.0,22.0,15.0,10.0,21.0
370225.0,2.0,11.0,87.0,41.0,3.0,56.0,77.0,82.0,71.0,13.0,7.0,18.0,10.0,11.0,11.0
370227.0,5.0,17.0,78.0,52.0,4.0,44.0,60.0,77.0,43.0,21.0,8.0,34.0,19.0,15.0,23.0
370228.0,5.0,13.0,82.0,44.0,4.0,52.0,69.0,84.0,55.0,14.0,4.0,24.0,17.0,12.0,21.0
370234.0,2.0,6.0,92.0,36.0,3.0,61.0,75.0,86.0,64.0,10.0,4.0,17.0,15.0,10.0,19.0
370235.0,5.0,16.0,79.0,45.0,7.0,48.0,61.0,73.0,50.0,20.0,10.0,30.0,19.0,17.0,20.0
370236.0,7.0,14.0,79.0,46.0,5.0,49.0,58.0,73.0,43.0,21.0,10.0,32.0,21.0,17.0,25.0
370237.0,3.0,26.0,71.0,46.0,5.0,49.0,67.0,78.0,57.0,16.0,8.0,22.0,17.0,14.0,21.0
370240.0,17.0,19.0,64.0,47.92933860938384,7.513284341435839,44.55737704918032,65.0,73.75409836065573,46.33945732052007,26.0,10.00423968343697,31.51271905031091,9.0,16.241661955907293,22.14782362916902
371302.0,4.0,4.0,92.0,47.92933860938384,7.513284341435839,44.55737704918032,78.0,73.75409836065573,46.33945732052007,8.0,10.00423968343697,31.51271905031091,14.0,16.241661955907293,22.14782362916902
371303.0,6.0,8.0,86.0,47.92933860938384,7.513284341435839,44.55737704918032,52.0,73.75409836065573,46.33945732052007,22.0,10.00423968343697,31.51271905031091,26.0,16.241661955907293,22.14782362916902
371304.0,8.0,10.0,82.0,47.92933860938384,7.513284341435839,44.55737704918032,68.0,73.75409836065573,46.33945732052007,13.0,10.00423968343697,31.51271905031091,19.0,16.241661955907293,22.14782362916902
371306.0,10.0,12.0,78.0,47.92933860938384,7.513284341435839,44.55737704918032,41.0,73.75409836065573,46.33945732052007,13.0,10.00423968343697,31.51271905031091,46.0,16.241661955907293,22.14782362916902
371309.0,8.0,41.0,51.0,47.92933860938384,7.513284341435839,44.55737704918032,53.0,73.75409836065573,46.33945732052007,14.0,10.00423968343697,31.51271905031091,33.0,16.241661955907293,22.14782362916902
371310.0,5.0,15.0,80.0,47.92933860938384,7.513284341435839,44.55737704918032,86.0,73.75409836065573,46.33945732052007,9.0,10.00423968343697,31.51271905031091,5.0,16.241661955907293,22.14782362916902
371313.0,5.0,7.0,88.0,35.0,5.0,60.0,68.0,84.0,51.0,20.0,8.0,33.0,12.0,8.0,16.0
371314.0,5.0,27.0,68.0,51.0,5.0,44.0,64.0,77.0,50.0,18.0,9.0,27.0,18.0,14.0,23.0
371316.0,2.0,21.0,77.0,47.92933860938384,7.513284341435839,44.55737704918032,62.0,73.75409836065573,46.33945732052007,22.0,10.00423968343697,31.51271905031091,16.0,16.241661955907293,22.14782362916902
371317.0,4.0,15.0,81.0,36.0,3.0,61.0,70.0,77.0,64.0,12.0,5.0,19.0,18.0,18.0,17.0
371318.0,14.0,17.0,69.0,47.92933860938384,7.513284341435839,44.55737704918032,53.0,73.75409836065573,46.33945732052007,12.0,10.00423968343697,31.51271905031091,35.0,16.241661955907293,22.14782362916902
371321.0,2.0,13.0,85.0,47.92933860938384,7.513284341435839,44.55737704918032,56.0,73.75409836065573,46.33945732052007,24.0,10.00423968343697,31.51271905031091,20.0,16.241661955907293,22.14782362916902
371323.0,5.0,22.0,73.0,43.0,10.0,47.0,64.0,77.0,51.0,12.0,6.0,18.0,24.0,17.0,31.0
371326.0,3.0,13.0,84.0,47.92933860938384,7.513284341435839,44.55737704918032,84.0,73.75409836065573,46.33945732052007,5.0,10.00423968343697,31.51271905031091,11.0,16.241661955907293,22.14782362916902
371328.0,0.0,5.0,95.0,47.92933860938384,7.513284341435839,44.55737704918032,85.0,73.75409836065573,46.33945732052007,4.0,10.00423968343697,31.51271905031091,11.0,16.241661955907293,22.14782362916902
371334.0,12.0,28.0,60.0,47.92933860938384,7.513284341435839,44.55737704918032,69.0,73.75409836065573,46.33945732052007,17.0,10.00423968343697,31.51271905031091,14.0,16.241661955907293,22.14782362916902
371337.0,7.0,22.0,71.0,47.0,11.0,42.0,50.0,64.0,37.0,36.0,24.0,47.0,14.0,12.0,16.0
371342.0,15.0,20.0,65.0,53.0,9.0,38.0,67.0,76.0,59.0,22.0,12.0,31.0,11.0,12.0,10.0
380001.0,12.0,27.0,61.0,49.0,6.0,45.0,62.0,73.0,52.0,20.0,10.0,30.0,18.0,17.0,18.0
380002.0,7.0,21.0,72.0,50.0,7.0,43.0,59.0,74.0,44.0,19.0,9.0,30.0,22.0,17.0,26.0
380004.0,6.0,16.0,78.0,47.0,5.0,48.0,62.0,75.0,49.0,19.0,9.0,30.0,19.0,16.0,21.0
380005.0,6.0,18.0,76.0,43.0,8.0,49.0,59.0,74.0,44.0,18.0,9.0,27.0,23.0,17.0,29.0
380007.0,7.0,21.0,72.0,48.0,7.0,45.0,59.0,72.0,45.0,21.0,10.0,32.0,20.0,18.0,23.0
380009.0,8.0,18.0,74.0,48.0,7.0,45.0,57.0,70.0,43.0,22.0,11.0,32.0,21.0,19.0,25.0
380014.0,9.0,24.0,67.0,49.0,5.0,46.0,59.0,74.0,45.0,18.0,8.0,28.0,23.0,18.0,27.0
380017.0,7.0,19.0,74.0,48.0,7.0,45.0,61.0,75.0,46.0,20.0,9.0,31.0,19.0,16.0,23.0
380018.0,8.0,22.0,70.0,47.0,8.0,45.0,56.0,72.0,41.0,22.0,11.0,32.0,22.0,17.0,27.0
380020.0,8.0,20.0,72.0,49.0,6.0,45.0,63.0,78.0,49.0,18.0,8.0,27.0,19.0,14.0,24.0
380021.0,9.0,28.0,63.0,52.0,10.0,38.0,50.0,65.0,34.0,21.0,10.0,32.0,29.0,25.0,34.0
380022.0,5.0,16.0,79.0,47.0,3.0,50.0,64.0,79.0,49.0,15.0,7.0,23.0,21.0,14.0,28.0
380025.0,9.0,23.0,68.0,48.0,8.0,44.0,61.0,73.0,49.0,19.0,10.0,28.0,20.0,17.0,23.0
380027.0,12.0,28.0,60.0,55.0,9.0,36.0,56.0,69.0,43.0,23.0,12.0,35.0,21.0,19.0,22.0
380029.0,8.0,18.0,74.0,49.0,7.0,44.0,64.0,77.0,50.0,19.0,9.0,29.0,17.0,14.0,21.0
380037.0,3.0,18.0,79.0,44.0,5.0,51.0,64.0,79.0,49.0,18.0,7.0,29.0,18.0,14.0,22.0
380038.0,6.0,23.0,71.0,49.0,5.0,46.0,59.0,75.0,44.0,23.0,12.0,33.0,18.0,13.0,23.0
380047.0,8.0,17.0,75.0,43.0,8.0,49.0,63.0,78.0,48.0,19.0,8.0,31.0,18.0,14.0,21.0
380050.0,7.0,26.0,67.0,49.0,7.0,44.0,60.0,76.0,45.0,17.0,8.0,26.0,23.0,16.0,29.0
380051.0,7.0,23.0,70.0,46.0,7.0,47.0,58.0,71.0,46.0,21.0,10.0,32.0,21.0,19.0,22.0
380052.0,6.0,15.0,79.0,60.0,4.0,36.0,55.0,70.0,40.0,20.0,8.0,32.0,25.0,22.0,28.0
380056.0,2.0,16.0,82.0,44.0,4.0,52.0,71.0,87.0,56.0,12.0,5.0,19.0,17.0,8.0,25.0
380060.0,7.0,22.0,71.0,49.0,6.0,45.0,57.0,72.0,43.0,22.0,11.0,33.0,21.0,17.0,24.0
380061.0,6.0,16.0,78.0,50.0,5.0,45.0,61.0,74.0,47.0,17.0,7.0,27.0,22.0,19.0,26.0
380071.0,13.0,25.0,62.0,52.0,8.0,40.0,60.0,72.0,49.0,20.0,10.0,31.0,20.0,18.0,20.0
380075.0,8.0,22.0,70.0,45.0,8.0,47.0,57.0,71.0,43.0,22.0,10.0,34.0,21.0,19.0,23.0
380082.0,8.0,22.0,70.0,48.0,6.0,46.0,59.0,71.0,47.0,21.0,10.0,32.0,20.0,19.0,21.0
380089.0,7.0,20.0,73.0,46.0,7.0,47.0,62.0,76.0,48.0,17.0,8.0,26.0,21.0,16.0,26.0
380090.0,8.0,27.0,65.0,52.0,8.0,40.0,59.0,72.0,46.0,20.0,10.0,29.0,21.0,18.0,25.0
380091.0,8.0,24.0,68.0,50.0,7.0,43.0,58.0,72.0,44.0,22.0,10.0,33.0,20.0,18.0,23.0
380102.0,8.0,21.0,71.0,52.0,6.0,42.0,59.0,73.0,45.0,20.0,9.0,31.0,21.0,18.0,24.0
380103.0,6.0,17.0,77.0,49.0,5.0,46.0,63.0,76.0,50.0,18.0,8.0,28.0,19.0,16.0,22.0
381301.0,0.0,13.0,87.0,47.92933860938384,7.513284341435839,44.55737704918032,78.0,73.75409836065573,46.33945732052007,12.0,10.00423968343697,31.51271905031091,10.0,16.241661955907293,22.14782362916902
381302.0,6.0,17.0,77.0,35.0,9.0,56.0,69.0,79.0,59.0,14.0,5.0,24.0,17.0,16.0,17.0
381303.0,8.0,26.0,66.0,51.0,6.0,43.0,58.0,66.0,49.0,24.0,15.0,34.0,18.0,19.0,17.0
381304.0,7.0,24.0,69.0,54.0,4.0,42.0,70.0,83.0,56.0,9.0,3.0,15.0,21.0,14.0,29.0
381305.0,0.0,48.0,52.0,47.92933860938384,7.513284341435839,44.55737704918032,61.0,73.75409836065573,46.33945732052007,19.0,10.00423968343697,31.51271905031091,20.0,16.241661955907293,22.14782362916902
381306.0,3.0,10.0,87.0,39.0,2.0,59.0,70.0,84.0,54.0,13.0,0.0,28.0,17.0,16.0,18.0
381307.0,9.0,19.0,72.0,47.92933860938384,7.513284341435839,44.55737704918032,66.0,73.75409836065573,46.33945732052007,18.0,10.00423968343697,31.51271905031091,16.0,16.241661955907293,22.14782362916902
381309.0,5.0,17.0,78.0,46.0,5.0,49.0,67.0,71.0,63.0,21.0,15.0,26.0,12.0,14.0,11.0
381311.0,11.0,21.0,68.0,47.92933860938384,7.513284341435839,44.55737704918032,61.0,73.75409836065573,46.33945732052007,16.0,10.00423968343697,31.51271905031091,23.0,16.241661955907293,22.14782362916902
381312.0,6.0,24.0,70.0,46.0,12.0,42.0,65.0,72.0,55.0,18.0,10.0,25.0,17.0,18.0,20.0
381313.0,6.0,15.0,79.0,43.0,7.0,50.0,78.0,85.0,70.0,15.0,9.0,23.0,7.0,6.0,7.0
381314.0,3.0,17.0,80.0,47.0,6.0,47.0,71.0,86.0,56.0,13.0,7.0,19.0,16.0,7.0,25.0
381315.0,10.0,27.0,63.0,45.0,8.0,47.0,65.0,80.0,50.0,19.0,9.0,29.0,16.0,11.0,21.0
381316.0,7.0,18.0,75.0,34.0,5.0,61.0,68.0,82.0,54.0,13.0,6.0,20.0,19.0,12.0,26.0
381317.0,8.0,24.0,68.0,52.0,4.0,44.0,65.0,83.0,47.0,13.0,4.0,23.0,22.0,13.0,30.0
381318.0,4.0,14.0,82.0,46.0,4.0,50.0,68.0,79.0,58.0,11.0,5.0,17.0,21.0,16.0,25.0
381319.0,4.0,19.0,77.0,49.0,3.0,48.0,67.0,75.0,59.0,12.0,5.0,18.0,21.0,20.0,23.0
381320.0,4.0,25.0,71.0,47.0,6.0,47.0,72.0,79.0,65.0,13.0,6.0,20.0,15.0,15.0,15.0
381321.0,5.0,22.0,73.0,47.0,7.0,46.0,67.0,78.0,56.0,16.0,7.0,26.0,17.0,15.0,18.0
381322.0,8.0,15.0,77.0,54.0,5.0,41.0,63.0,79.0,46.0,17.0,9.0,26.0,20.0,12.0,28.0
381323.0,3.0,14.0,83.0,46.0,1.0,53.0,69.0,80.0,58.0,11.0,4.0,18.0,20.0,16.0,24.0
381324.0,4.0,23.0,73.0,46.0,8.0,46.0,72.0,79.0,66.0,12.0,2.0,21.0,16.0,19.0,13.0
381325.0,7.0,24.0,69.0,57.0,5.0,38.0,60.0,74.0,46.0,20.0,10.0,31.0,20.0,16.0,23.0
390001.0,12.0,25.0,63.0,51.0,9.0,40.0,57.0,72.0,42.0,24.0,11.0,36.0,19.0,17.0,22.0
390002.0,13.0,19.0,68.0,53.0,8.0,39.0,54.0,71.0,38.0,25.0,13.0,38.0,21.0,16.0,24.0
390003.0,7.0,19.0,74.0,51.0,2.0,47.0,62.0,77.0,48.0,17.0,6.0,28.0,21.0,17.0,24.0
390004.0,13.0,24.0,63.0,55.0,10.0,35.0,50.0,65.0,35.0,29.0,14.0,43.0,21.0,21.0,22.0
390006.0,8.0,20.0,72.0,49.0,6.0,45.0,60.0,74.0,46.0,21.0,10.0,31.0,19.0,16.0,23.0
390009.0,7.0,21.0,72.0,51.0,4.0,45.0,56.0,72.0,40.0,21.0,10.0,33.0,23.0,18.0,27.0
390012.0,15.0,30.0,55.0,53.0,11.0,36.0,55.0,71.0,39.0,25.0,10.0,39.0,20.0,19.0,22.0
390013.0,2.0,13.0,85.0,49.0,3.0,48.0,66.0,83.0,50.0,18.0,7.0,29.0,16.0,10.0,21.0
390016.0,13.0,24.0,63.0,50.0,8.0,42.0,57.0,72.0,41.0,22.0,11.0,33.0,21.0,17.0,26.0
390026.0,19.0,25.0,56.0,53.0,15.0,32.0,55.0,69.0,42.0,24.0,12.0,37.0,21.0,19.0,21.0
390027.0,10.0,23.0,67.0,47.0,11.0,42.0,61.0,75.0,47.0,22.0,12.0,32.0,17.0,13.0,21.0
390028.0,10.0,19.0,71.0,44.0,8.0,48.0,62.0,75.0,49.0,20.0,10.0,30.0,18.0,15.0,21.0
390030.0,10.0,27.0,63.0,51.0,10.0,39.0,61.0,74.0,49.0,22.0,12.0,32.0,17.0,14.0,19.0
390032.0,8.0,23.0,69.0,47.0,8.0,45.0,60.0,75.0,45.0,19.0,9.0,28.0,21.0,16.0,27.0
390035.0,6.0,12.0,82.0,45.0,5.0,50.0,61.0,77.0,44.0,20.0,7.0,32.0,19.0,16.0,24.0
390036.0,11.0,26.0,63.0,55.0,4.0,41.0,56.0,71.0,41.0,23.0,9.0,37.0,21.0,20.0,22.0
390037.0,8.0,23.0,69.0,50.0,7.0,43.0,59.0,75.0,43.0,23.0,10.0,36.0,18.0,15.0,21.0
390039.0,4.0,18.0,78.0,50.0,4.0,46.0,60.0,74.0,46.0,18.0,6.0,31.0,22.0,20.0,23.0
390041.0,9.0,28.0,63.0,53.0,8.0,39.0,57.0,73.0,42.0,22.0,10.0,34.0,21.0,17.0,24.0
390042.0,7.0,22.0,71.0,49.0,7.0,44.0,62.0,77.0,47.0,19.0,9.0,29.0,19.0,14.0,24.0
390044.0,10.0,23.0,67.0,51.0,8.0,41.0,58.0,74.0,42.0,24.0,13.0,35.0,18.0,13.0,23.0
390045.0,7.0,22.0,71.0,49.0,5.0,46.0,59.0,74.0,44.0,20.0,10.0,31.0,21.0,16.0,25.0
390046.0,9.0,24.0,67.0,47.0,8.0,45.0,57.0,70.0,43.0,24.0,10.0,37.0,19.0,20.0,20.0
390048.0,8.0,24.0,68.0,56.0,5.0,39.0,58.0,72.0,44.0,20.0,8.0,32.0,22.0,20.0,24.0
390049.0,6.0,19.0,75.0,52.0,6.0,42.0,59.0,77.0,41.0,20.0,7.0,33.0,21.0,16.0,26.0
390050.0,10.0,16.0,74.0,47.0,6.0,47.0,61.0,74.0,49.0,22.0,12.0,31.0,17.0,14.0,20.0
390056.0,15.0,31.0,54.0,59.0,7.0,34.0,52.0,66.0,38.0,26.0,13.0,39.0,22.0,21.0,23.0
390057.0,7.0,21.0,72.0,49.0,5.0,46.0,56.0,71.0,42.0,22.0,10.0,34.0,22.0,19.0,24.0
390058.0,10.0,23.0,67.0,53.0,9.0,38.0,56.0,72.0,41.0,22.0,11.0,34.0,22.0,17.0,25.0
390062.0,5.0,18.0,77.0,51.0,5.0,44.0,67.0,80.0,53.0,16.0,6.0,26.0,17.0,14.0,21.0
390063.0,7.0,21.0,72.0,49.0,6.0,45.0,58.0,72.0,45.0,22.0,10.0,33.0,20.0,18.0,22.0
390065.0,7.0,24.0,69.0,50.0,4.0,46.0,58.0,72.0,44.0,23.0,10.0,37.0,19.0,18.0,19.0
390066.0,8.0,27.0,65.0,52.0,5.0,43.0,52.0,69.0,35.0,25.0,13.0,38.0,23.0,18.0,27.0
390067.0,7.0,18.0,75.0,49.0,6.0,45.0,56.0,71.0,41.0,23.0,11.0,36.0,21.0,18.0,23.0
390068.0,5.0,21.0,74.0,52.0,4.0,44.0,53.0,70.0,36.0,24.0,10.0,37.0,23.0,20.0,27.0
390070.0,13.0,30.0,57.0,49.0,15.0,36.0,51.0,67.0,35.0,27.0,14.0,39.0,22.0,19.0,26.0
390073.0,16.0,30.0,54.0,55.0,7.0,38.0,55.0,68.0,41.0,26.0,15.0,37.0,19.0,17.0,22.0
390079.0,8.0,24.0,68.0,51.0,5.0,44.0,56.0,70.0,43.0,24.0,10.0,38.0,20.0,20.0,19.0
390086.0,16.0,27.0,57.0,56.0,7.0,37.0,56.0,70.0,41.0,23.0,12.0,34.0,21.0,18.0,25.0
390090.0,6.0,17.0,77.0,45.0,5.0,50.0,65.0,80.0,51.0,16.0,6.0,26.0,19.0,14.0,23.0
390091.0,7.0,21.0,72.0,53.0,5.0,42.0,61.0,75.0,47.0,18.0,8.0,29.0,21.0,17.0,24.0
390093.0,5.0,27.0,68.0,51.0,5.0,44.0,64.0,77.0,51.0,14.0,6.0,22.0,22.0,17.0,27.0
390096.0,7.0,22.0,71.0,51.0,6.0,43.0,56.0,69.0,43.0,23.0,12.0,33.0,21.0,19.0,24.0
390097.0,10.0,26.0,64.0,54.0,8.0,38.0,53.0,67.0,38.0,28.0,16.0,41.0,19.0,17.0,21.0
390100.0,9.0,22.0,69.0,50.0,6.0,44.0,56.0,72.0,41.0,22.0,10.0,35.0,22.0,18.0,24.0
390101.0,8.0,17.0,75.0,51.0,6.0,43.0,56.0,73.0,40.0,22.0,10.0,34.0,22.0,17.0,26.0
390102.0,6.0,19.0,75.0,46.0,6.0,48.0,64.0,77.0,51.0,19.0,10.0,28.0,17.0,13.0,21.0
390104.0,3.0,15.0,82.0,40.0,2.0,58.0,74.0,84.0,61.0,12.0,8.0,18.0,14.0,8.0,21.0
390107.0,5.0,18.0,77.0,46.0,5.0,49.0,60.0,74.0,45.0,22.0,8.0,35.0,18.0,18.0,20.0
390110.0,23.0,27.0,50.0,54.0,11.0,35.0,54.0,68.0,40.0,27.0,15.0,40.0,19.0,17.0,20.0
390111.0,2.0,13.0,85.0,38.0,4.0,58.0,69.0,80.0,58.0,14.0,6.0,22.0,17.0,14.0,20.0
390112.0,4.0,17.0,79.0,49.0,3.0,48.0,62.0,78.0,45.0,18.0,6.0,29.0,20.0,16.0,26.0
390113.0,11.0,24.0,65.0,49.0,7.0,44.0,56.0,72.0,40.0,22.0,10.0,34.0,22.0,18.0,26.0
390114.0,8.0,16.0,76.0,45.0,6.0,49.0,60.0,76.0,45.0,19.0,8.0,30.0,21.0,16.0,25.0
390115.0,13.0,26.0,61.0,51.0,10.0,39.0,56.0,72.0,40.0,24.0,11.0,36.0,20.0,17.0,24.0
390116.0,10.0,32.0,58.0,54.0,11.0,35.0,57.0,73.0,41.0,23.0,9.0,36.0,20.0,18.0,23.0
390117.0,5.0,18.0,77.0,49.0,6.0,45.0,61.0,74.0,48.0,21.0,11.0,31.0,18.0,15.0,21.0
390123.0,13.0,33.0,54.0,53.0,10.0,37.0,53.0,69.0,37.0,25.0,10.0,39.0,22.0,21.0,24.0
390125.0,6.0,22.0,72.0,52.0,6.0,42.0,57.0,72.0,43.0,21.0,9.0,32.0,22.0,19.0,25.0
390127.0,7.0,26.0,67.0,53.0,6.0,41.0,60.0,75.0,45.0,20.0,7.0,32.0,20.0,18.0,23.0
390133.0,9.0,18.0,73.0,47.0,7.0,46.0,60.0,76.0,43.0,23.0,10.0,37.0,17.0,14.0,20.0
390137.0,16.0,27.0,57.0,52.0,11.0,37.0,56.0,69.0,42.0,24.0,12.0,36.0,20.0,19.0,22.0
390138.0,5.0,17.0,78.0,49.0,3.0,48.0,65.0,79.0,51.0,16.0,8.0,25.0,19.0,13.0,24.0
390139.0,5.0,18.0,77.0,43.0,8.0,49.0,62.0,77.0,46.0,19.0,8.0,30.0,19.0,15.0,24.0
390142.0,13.0,22.0,65.0,48.0,10.0,42.0,60.0,71.0,48.0,24.0,13.0,35.0,16.0,16.0,17.0
390145.0,13.0,27.0,60.0,55.0,7.0,38.0,53.0,70.0,36.0,22.0,10.0,34.0,25.0,20.0,30.0
390146.0,11.0,32.0,57.0,55.0,8.0,37.0,53.0,66.0,40.0,24.0,11.0,36.0,23.0,23.0,24.0
390147.0,19.0,28.0,53.0,52.0,13.0,35.0,57.0,70.0,44.0,26.0,15.0,38.0,17.0,15.0,18.0
390150.0,3.0,18.0,79.0,45.0,2.0,53.0,75.0,85.0,64.0,10.0,4.0,17.0,15.0,11.0,19.0
390151.0,8.0,28.0,64.0,55.0,7.0,38.0,54.0,70.0,38.0,23.0,9.0,38.0,23.0,21.0,24.0
390153.0,6.0,18.0,76.0,46.0,6.0,48.0,61.0,76.0,46.0,20.0,9.0,32.0,19.0,15.0,22.0
390156.0,15.0,24.0,61.0,51.0,13.0,36.0,53.0,66.0,39.0,29.0,15.0,43.0,18.0,19.0,18.0
390160.0,7.0,15.0,78.0,43.0,4.0,53.0,67.0,80.0,53.0,17.0,8.0,26.0,16.0,12.0,21.0
390162.0,10.0,18.0,72.0,52.0,6.0,42.0,57.0,73.0,40.0,26.0,11.0,42.0,17.0,16.0,18.0
390163.0,9.0,31.0,60.0,54.0,7.0,39.0,55.0,74.0,35.0,24.0,13.0,34.0,21.0,13.0,31.0
390164.0,7.0,18.0,75.0,45.0,5.0,50.0,61.0,76.0,47.0,19.0,8.0,30.0,20.0,16.0,23.0
390168.0,6.0,23.0,71.0,50.0,6.0,44.0,62.0,78.0,46.0,20.0,8.0,31.0,18.0,14.0,23.0
390173.0,11.0,24.0,65.0,51.0,9.0,40.0,58.0,71.0,45.0,26.0,12.0,40.0,16.0,17.0,15.0
390174.0,10.0,21.0,69.0,45.0,8.0,47.0,60.0,74.0,47.0,21.0,9.0,33.0,19.0,17.0,20.0
390178.0,8.0,26.0,66.0,50.0,6.0,44.0,61.0,74.0,49.0,23.0,9.0,37.0,16.0,17.0,14.0
390179.0,5.0,15.0,80.0,48.0,5.0,47.0,62.0,80.0,43.0,19.0,8.0,31.0,19.0,12.0,26.0
390180.0,16.0,27.0,57.0,52.0,12.0,36.0,54.0,66.0,43.0,26.0,14.0,38.0,20.0,20.0,19.0
390183.0,5.0,20.0,75.0,47.0,6.0,47.0,63.0,78.0,48.0,17.0,7.0,26.0,20.0,15.0,26.0
390184.0,21.0,24.0,55.0,52.0,9.0,39.0,63.0,73.0,52.0,20.0,11.0,29.0,17.0,16.0,19.0
390185.0,15.0,26.0,59.0,52.0,10.0,38.0,57.0,70.0,43.0,27.0,15.0,40.0,16.0,15.0,17.0
390195.0,9.0,18.0,73.0,46.0,8.0,46.0,62.0,76.0,47.0,20.0,9.0,32.0,18.0,15.0,21.0
390198.0,12.0,25.0,63.0,54.0,10.0,36.0,50.0,76.0,24.0,26.0,13.0,39.0,24.0,11.0,37.0
390199.0,6.0,14.0,80.0,46.0,6.0,48.0,71.0,83.0,59.0,12.0,3.0,22.0,17.0,14.0,19.0
390201.0,13.0,23.0,64.0,49.0,10.0,41.0,54.0,67.0,41.0,27.0,14.0,39.0,19.0,19.0,20.0
390203.0,7.0,16.0,77.0,47.0,7.0,46.0,56.0,72.0,41.0,23.0,10.0,37.0,21.0,18.0,22.0
390204.0,21.0,23.0,56.0,47.0,16.0,37.0,51.0,66.0,35.0,32.0,17.0,46.0,17.0,17.0,19.0
390211.0,17.0,28.0,55.0,54.0,8.0,38.0,53.0,67.0,39.0,25.0,13.0,37.0,22.0,20.0,24.0
390217.0,11.0,21.0,68.0,54.0,7.0,39.0,59.0,75.0,44.0,19.0,9.0,29.0,22.0,16.0,27.0
390219.0,12.0,23.0,65.0,49.0,9.0,42.0,57.0,72.0,41.0,22.0,11.0,33.0,21.0,17.0,26.0
390222.0,11.0,25.0,64.0,51.0,7.0,42.0,59.0,74.0,45.0,19.0,8.0,31.0,22.0,18.0,24.0
390223.0,11.0,14.0,75.0,43.0,9.0,48.0,63.0,76.0,49.0,19.0,5.0,32.0,18.0,19.0,19.0
390225.0,8.0,25.0,67.0,53.0,5.0,42.0,53.0,68.0,37.0,25.0,11.0,40.0,22.0,21.0,23.0
390226.0,7.0,24.0,69.0,46.0,5.0,49.0,60.0,73.0,47.0,19.0,10.0,27.0,21.0,17.0,26.0
390228.0,7.0,18.0,75.0,49.0,6.0,45.0,60.0,77.0,43.0,20.0,6.0,33.0,20.0,17.0,24.0
390231.0,14.0,27.0,59.0,54.0,11.0,35.0,55.0,71.0,40.0,26.0,12.0,39.0,19.0,17.0,21.0
390233.0,8.0,21.0,71.0,53.0,6.0,41.0,61.0,76.0,46.0,21.0,8.0,34.0,18.0,16.0,20.0
390237.0,11.0,24.0,65.0,52.0,8.0,40.0,58.0,74.0,42.0,23.0,11.0,35.0,19.0,15.0,23.0
390256.0,5.0,18.0,77.0,46.0,5.0,49.0,59.0,74.0,45.0,20.0,9.0,31.0,21.0,17.0,24.0
390258.0,12.0,24.0,64.0,50.0,9.0,41.0,58.0,73.0,43.0,25.0,12.0,38.0,17.0,15.0,19.0
390265.0,6.0,21.0,73.0,46.0,8.0,46.0,59.0,73.0,45.0,21.0,9.0,34.0,20.0,18.0,21.0
390266.0,6.0,24.0,70.0,48.0,10.0,42.0,59.0,71.0,46.0,20.0,7.0,33.0,21.0,22.0,21.0
390267.0,12.0,20.0,68.0,47.0,6.0,47.0,56.0,70.0,41.0,23.0,11.0,35.0,21.0,19.0,24.0
390268.0,9.0,22.0,69.0,45.0,8.0,47.0,62.0,76.0,48.0,19.0,9.0,29.0,19.0,15.0,23.0
390270.0,13.0,23.0,64.0,52.0,9.0,39.0,54.0,68.0,40.0,26.0,14.0,39.0,20.0,18.0,21.0
390304.0,12.0,32.0,56.0,51.0,13.0,36.0,52.0,71.0,33.0,28.0,13.0,42.0,20.0,16.0,25.0
390307.0,5.0,10.0,85.0,32.0,6.0,62.0,67.0,77.0,57.0,13.0,4.0,21.0,20.0,19.0,22.0
390316.0,2.0,5.0,93.0,40.0,4.0,56.0,73.0,91.0,55.0,12.0,2.0,23.0,15.0,7.0,22.0
390322.0,3.0,8.0,89.0,39.0,5.0,56.0,76.0,85.0,67.0,12.0,5.0,19.0,12.0,10.0,14.0
390323.0,3.0,3.0,94.0,31.0,2.0,67.0,78.0,90.0,66.0,10.0,2.0,17.0,12.0,8.0,17.0
390324.0,4.0,6.0,90.0,35.0,3.0,62.0,78.0,93.0,63.0,7.0,2.0,12.0,15.0,5.0,25.0
390325.0,3.0,4.0,93.0,29.0,2.0,69.0,83.0,94.0,72.0,7.0,1.0,13.0,10.0,5.0,15.0
390326.0,8.0,16.0,76.0,51.0,6.0,43.0,58.0,74.0,42.0,22.0,9.0,35.0,20.0,17.0,23.0
390327.0,3.0,7.0,90.0,30.0,3.0,67.0,67.0,83.0,51.0,16.0,6.0,26.0,17.0,11.0,23.0
390328.0,7.0,19.0,74.0,46.0,7.0,47.0,61.0,78.0,45.0,21.0,9.0,33.0,18.0,13.0,22.0
390329.0,11.0,22.0,67.0,46.0,8.0,46.0,60.0,75.0,44.0,20.0,8.0,33.0,20.0,17.0,23.0
390330.0,6.0,16.0,78.0,44.0,6.0,50.0,62.0,76.0,48.0,20.0,10.0,31.0,18.0,14.0,21.0
390331.0,1.0,10.0,89.0,52.0,1.0,47.0,74.0,91.0,58.0,11.0,2.0,19.0,15.0,7.0,23.0
390332.0,3.0,12.0,85.0,44.0,4.0,52.0,60.0,75.0,45.0,19.0,6.0,32.0,21.0,19.0,23.0
390333.0,0.0,8.0,92.0,24.0,2.0,74.0,79.0,84.0,74.0,5.0,0.0,12.0,16.0,16.0,14.0
390334.0,4.0,7.0,89.0,37.0,4.0,59.0,66.0,79.0,53.0,17.0,7.0,27.0,17.0,14.0,20.0
390335.0,4.0,14.0,82.0,47.0,4.0,49.0,67.0,81.0,53.0,17.0,6.0,27.0,16.0,13.0,20.0
390336.0,6.0,14.0,80.0,48.0,5.0,47.0,57.0,73.0,41.0,23.0,10.0,36.0,20.0,17.0,23.0
390337.0,3.0,10.0,87.0,39.0,2.0,59.0,68.0,80.0,55.0,17.0,7.0,26.0,15.0,13.0,19.0
390338.0,5.0,12.0,83.0,45.0,6.0,49.0,63.0,77.0,48.0,20.0,9.0,31.0,17.0,14.0,21.0
390339.0,5.0,15.0,80.0,46.0,6.0,48.0,56.0,71.0,41.0,24.0,11.0,36.0,20.0,18.0,23.0
391300.0,3.0,17.0,80.0,53.0,3.0,44.0,57.0,73.0,42.0,19.0,12.0,27.0,24.0,15.0,31.0
391301.0,5.0,9.0,86.0,54.0,0.0,46.0,65.0,75.0,55.0,17.0,9.0,26.0,18.0,16.0,19.0
391302.0,8.0,8.0,84.0,47.92933860938384,7.513284341435839,44.55737704918032,73.0,73.75409836065573,46.33945732052007,11.0,10.00423968343697,31.51271905031091,16.0,16.241661955907293,22.14782362916902
391303.0,4.0,13.0,83.0,37.0,7.0,56.0,73.0,82.0,63.0,9.0,0.0,21.0,18.0,18.0,16.0
391305.0,3.0,18.0,79.0,48.0,5.0,47.0,64.0,79.0,49.0,17.0,6.0,28.0,19.0,15.0,23.0
391306.0,9.0,13.0,78.0,59.0,5.0,36.0,58.0,78.0,38.0,17.0,8.0,27.0,25.0,14.0,35.0
391307.0,6.0,12.0,82.0,47.92933860938384,7.513284341435839,44.55737704918032,67.0,73.75409836065573,46.33945732052007,11.0,10.00423968343697,31.51271905031091,22.0,16.241661955907293,22.14782362916902
391308.0,9.0,23.0,68.0,47.92933860938384,7.513284341435839,44.55737704918032,63.0,73.75409836065573,46.33945732052007,17.0,10.00423968343697,31.51271905031091,20.0,16.241661955907293,22.14782362916902
391309.0,3.0,22.0,75.0,59.0,3.0,38.0,63.0,72.0,54.0,20.0,13.0,26.0,17.0,15.0,20.0
391312.0,9.0,18.0,73.0,60.0,4.0,36.0,60.0,77.0,43.0,15.0,9.0,21.0,25.0,14.0,36.0
391313.0,5.0,23.0,72.0,46.0,1.0,53.0,67.0,84.0,50.0,11.0,2.0,19.0,22.0,14.0,31.0
391314.0,3.0,13.0,84.0,54.0,2.0,44.0,69.0,85.0,53.0,13.0,3.0,23.0,18.0,12.0,24.0
391315.0,7.0,23.0,70.0,51.0,3.0,46.0,60.0,74.0,45.0,23.0,11.0,34.0,17.0,15.0,21.0
391316.0,4.0,19.0,77.0,46.0,3.0,51.0,69.0,83.0,55.0,11.0,4.0,18.0,20.0,13.0,27.0
391317.0,3.0,16.0,81.0,39.0,4.0,57.0,66.0,78.0,54.0,14.0,9.0,18.0,20.0,13.0,28.0
400006.0,15.0,23.0,62.0,55.0,16.0,29.0,44.0,64.0,25.0,34.0,17.0,51.0,22.0,19.0,24.0
400022.0,13.0,29.0,58.0,47.0,15.0,38.0,51.0,68.0,35.0,29.0,17.0,41.0,20.0,15.0,24.0
400032.0,21.0,35.0,44.0,49.0,18.0,33.0,40.0,55.0,25.0,42.0,24.0,60.0,18.0,21.0,15.0
400102.0,22.0,30.0,48.0,56.0,24.0,20.0,32.0,51.0,14.0,45.0,26.0,64.0,23.0,23.0,22.0
400103.0,20.0,30.0,50.0,49.0,17.0,34.0,46.0,61.0,32.0,37.0,21.0,53.0,17.0,18.0,15.0
400109.0,21.0,34.0,45.0,63.0,18.0,19.0,45.0,68.0,22.0,35.0,18.0,51.0,20.0,14.0,27.0
400114.0,12.0,24.0,64.0,43.0,13.0,44.0,49.0,65.0,33.0,34.0,18.0,51.0,17.0,17.0,16.0
400118.0,12.0,25.0,63.0,60.0,12.0,28.0,40.0,63.0,18.0,34.0,16.0,53.0,26.0,21.0,29.0
400120.0,24.0,35.0,41.0,62.0,19.0,19.0,44.0,64.0,24.0,36.0,15.0,57.0,20.0,21.0,19.0
400132.0,13.0,23.0,64.0,55.0,15.0,30.0,45.0,66.0,24.0,30.0,15.0,46.0,25.0,19.0,30.0
410004.0,14.0,26.0,60.0,53.0,9.0,38.0,55.0,69.0,41.0,27.0,15.0,38.0,18.0,16.0,21.0
410005.0,11.0,22.0,67.0,48.0,8.0,44.0,63.0,78.0,48.0,20.0,10.0,30.0,17.0,12.0,22.0
410006.0,6.0,17.0,77.0,45.0,6.0,49.0,68.0,81.0,55.0,15.0,6.0,25.0,17.0,13.0,20.0
410007.0,12.0,22.0,66.0,46.0,7.0,47.0,53.0,70.0,37.0,26.0,14.0,38.0,21.0,16.0,25.0
410008.0,6.0,15.0,79.0,44.0,6.0,50.0,66.0,80.0,51.0,19.0,9.0,28.0,15.0,11.0,21.0
410009.0,9.0,27.0,64.0,51.0,7.0,42.0,59.0,73.0,45.0,21.0,10.0,32.0,20.0,17.0,23.0
410010.0,8.0,29.0,63.0,53.0,7.0,40.0,58.0,75.0,41.0,22.0,11.0,33.0,20.0,14.0,26.0
410011.0,12.0,33.0,55.0,56.0,11.0,33.0,50.0,66.0,34.0,29.0,17.0,40.0,21.0,17.0,26.0
410012.0,11.0,22.0,67.0,47.0,9.0,44.0,62.0,76.0,48.0,23.0,12.0,34.0,15.0,12.0,18.0
410013.0,6.0,18.0,76.0,49.0,4.0,47.0,61.0,76.0,45.0,17.0,6.0,29.0,22.0,18.0,26.0
420002.0,22.0,29.0,49.0,55.0,15.0,30.0,48.0,64.0,33.0,32.0,17.0,48.0,20.0,19.0,19.0
420004.0,9.0,21.0,70.0,43.0,9.0,48.0,61.0,75.0,46.0,21.0,10.0,31.0,18.0,15.0,23.0
420005.0,9.0,19.0,72.0,48.0,6.0,46.0,74.0,84.0,64.0,12.0,4.0,20.0,14.0,12.0,16.0
420007.0,7.0,23.0,70.0,45.0,6.0,49.0,61.0,76.0,47.0,19.0,9.0,29.0,20.0,15.0,24.0
420009.0,8.0,22.0,70.0,50.0,7.0,43.0,59.0,76.0,43.0,23.0,11.0,35.0,18.0,13.0,22.0
420010.0,7.0,18.0,75.0,52.0,5.0,43.0,62.0,73.0,51.0,19.0,10.0,28.0,19.0,17.0,21.0
420011.0,7.0,19.0,74.0,54.0,5.0,41.0,65.0,77.0,54.0,20.0,9.0,32.0,15.0,14.0,14.0
420015.0,13.0,23.0,64.0,51.0,8.0,41.0,56.0,70.0,42.0,25.0,11.0,39.0,19.0,19.0,19.0
420018.0,10.0,22.0,68.0,51.0,8.0,41.0,55.0,71.0,39.0,24.0,12.0,37.0,21.0,17.0,24.0
420019.0,17.0,28.0,55.0,51.0,15.0,34.0,45.0,57.0,32.0,34.0,20.0,48.0,21.0,23.0,20.0
420020.0,16.0,23.0,61.0,48.0,10.0,42.0,59.0,75.0,42.0,24.0,14.0,34.0,17.0,11.0,24.0
420023.0,7.0,17.0,76.0,44.0,7.0,49.0,60.0,74.0,47.0,23.0,11.0,35.0,17.0,15.0,18.0
420026.0,11.0,23.0,66.0,51.0,8.0,41.0,59.0,72.0,45.0,24.0,13.0,35.0,17.0,15.0,20.0
420027.0,11.0,25.0,64.0,53.0,6.0,41.0,57.0,72.0,41.0,25.0,13.0,38.0,18.0,15.0,21.0
420030.0,8.0,29.0,63.0,52.0,8.0,40.0,63.0,78.0,48.0,24.0,11.0,37.0,13.0,11.0,15.0
420033.0,7.0,17.0,76.0,47.0,6.0,47.0,59.0,73.0,45.0,22.0,12.0,31.0,19.0,15.0,24.0
420036.0,16.0,27.0,57.0,50.0,12.0,38.0,54.0,65.0,42.0,27.0,14.0,40.0,19.0,21.0,18.0
420037.0,5.0,18.0,77.0,44.0,5.0,51.0,63.0,77.0,48.0,23.0,13.0,34.0,14.0,10.0,18.0
420038.0,10.0,22.0,68.0,47.0,5.0,48.0,64.0,78.0,49.0,19.0,7.0,32.0,17.0,15.0,19.0
420043.0,5.0,24.0,71.0,46.0,7.0,47.0,68.0,81.0,55.0,13.0,5.0,22.0,19.0,14.0,23.0
420048.0,15.0,24.0,61.0,47.0,10.0,43.0,57.0,72.0,42.0,27.0,12.0,43.0,16.0,16.0,15.0
420049.0,8.0,21.0,71.0,51.0,8.0,41.0,58.0,69.0,48.0,24.0,15.0,34.0,18.0,16.0,18.0
420051.0,8.0,17.0,75.0,47.0,9.0,44.0,63.0,77.0,48.0,20.0,9.0,32.0,17.0,14.0,20.0
420053.0,6.0,13.0,81.0,38.0,6.0,56.0,66.0,77.0,55.0,18.0,8.0,28.0,16.0,15.0,17.0
420055.0,12.0,20.0,68.0,44.0,5.0,51.0,72.0,81.0,64.0,17.0,8.0,26.0,11.0,11.0,10.0
420065.0,5.0,18.0,77.0,44.0,5.0,51.0,66.0,80.0,53.0,17.0,7.0,26.0,17.0,13.0,21.0
420067.0,9.0,21.0,70.0,51.0,6.0,43.0,60.0,74.0,46.0,21.0,9.0,33.0,19.0,17.0,21.0
420070.0,12.0,27.0,61.0,50.0,11.0,39.0,58.0,73.0,42.0,26.0,12.0,40.0,16.0,15.0,18.0
420071.0,7.0,22.0,71.0,48.0,6.0,46.0,62.0,76.0,49.0,20.0,9.0,31.0,18.0,15.0,20.0
420072.0,4.0,26.0,70.0,48.0,7.0,45.0,70.0,87.0,55.0,12.0,3.0,21.0,18.0,10.0,24.0
420073.0,5.0,14.0,81.0,44.0,5.0,51.0,63.0,77.0,50.0,18.0,8.0,29.0,19.0,15.0,21.0
420078.0,10.0,24.0,66.0,50.0,7.0,43.0,57.0,73.0,42.0,24.0,11.0,37.0,19.0,16.0,21.0
420079.0,14.0,21.0,65.0,47.0,10.0,43.0,58.0,72.0,45.0,22.0,11.0,33.0,20.0,17.0,22.0
420080.0,20.0,31.0,49.0,54.0,11.0,35.0,53.0,68.0,39.0,27.0,14.0,40.0,20.0,18.0,21.0
420082.0,12.0,27.0,61.0,53.0,11.0,36.0,53.0,69.0,38.0,26.0,11.0,41.0,21.0,20.0,21.0
420085.0,13.0,21.0,66.0,46.0,12.0,42.0,54.0,68.0,39.0,26.0,11.0,41.0,20.0,21.0,20.0
420086.0,9.0,20.0,71.0,49.0,9.0,42.0,60.0,75.0,45.0,21.0,10.0,33.0,19.0,15.0,22.0
420087.0,7.0,17.0,76.0,42.0,6.0,52.0,65.0,78.0,51.0,17.0,8.0,26.0,18.0,14.0,23.0
420089.0,7.0,17.0,76.0,41.0,5.0,54.0,66.0,79.0,53.0,18.0,9.0,28.0,16.0,12.0,19.0
420091.0,9.0,18.0,73.0,46.0,9.0,45.0,58.0,73.0,43.0,24.0,11.0,37.0,18.0,16.0,20.0
420098.0,10.0,20.0,70.0,50.0,7.0,43.0,61.0,78.0,44.0,17.0,8.0,27.0,22.0,14.0,29.0
420101.0,11.0,26.0,63.0,45.0,10.0,45.0,57.0,70.0,44.0,23.0,13.0,33.0,20.0,17.0,23.0
420102.0,5.0,13.0,82.0,40.0,6.0,54.0,56.0,75.0,36.0,23.0,10.0,37.0,21.0,15.0,27.0
420103.0,3.0,10.0,87.0,38.0,5.0,57.0,69.0,84.0,55.0,16.0,8.0,25.0,15.0,8.0,20.0
420104.0,3.0,15.0,82.0,40.0,5.0,55.0,65.0,78.0,52.0,18.0,8.0,28.0,17.0,14.0,20.0
420105.0,7.0,19.0,74.0,46.0,6.0,48.0,61.0,75.0,47.0,22.0,11.0,34.0,17.0,14.0,19.0
420106.0,7.0,19.0,74.0,46.0,7.0,47.0,59.0,74.0,44.0,24.0,10.0,37.0,17.0,16.0,19.0
420107.0,6.0,21.0,73.0,53.0,6.0,41.0,66.0,79.0,53.0,18.0,7.0,30.0,16.0,14.0,17.0
420108.0,5.0,14.0,81.0,47.92933860938384,7.513284341435839,44.55737704918032,67.0,73.75409836065573,46.33945732052007,18.0,10.00423968343697,31.51271905031091,15.0,16.241661955907293,22.14782362916902
420109.0,5.0,22.0,73.0,46.0,4.0,50.0,61.0,74.0,48.0,19.0,8.0,29.0,20.0,18.0,23.0
420110.0,4.0,15.0,81.0,43.0,7.0,50.0,68.0,80.0,56.0,16.0,6.0,26.0,16.0,14.0,18.0
421300.0,14.0,7.0,79.0,47.92933860938384,7.513284341435839,44.55737704918032,63.0,73.75409836065573,46.33945732052007,17.0,10.00423968343697,31.51271905031091,20.0,16.241661955907293,22.14782362916902
421301.0,2.0,20.0,78.0,35.0,2.0,63.0,61.0,74.0,50.0,24.0,18.0,29.0,15.0,8.0,21.0
430005.0,8.0,24.0,68.0,52.0,4.0,44.0,61.0,74.0,47.0,17.0,8.0,27.0,22.0,18.0,26.0
430008.0,5.0,15.0,80.0,43.0,5.0,52.0,72.0,81.0,62.0,12.0,7.0,17.0,16.0,12.0,21.0
430012.0,4.0,23.0,73.0,54.0,3.0,43.0,65.0,82.0,49.0,16.0,6.0,26.0,19.0,12.0,25.0
430014.0,8.0,22.0,70.0,53.0,5.0,42.0,61.0,74.0,47.0,18.0,7.0,30.0,21.0,19.0,23.0
430015.0,10.0,23.0,67.0,51.0,6.0,43.0,56.0,66.0,45.0,19.0,7.0,31.0,25.0,27.0,24.0
430016.0,8.0,17.0,75.0,47.0,4.0,49.0,61.0,75.0,47.0,17.0,8.0,27.0,22.0,17.0,26.0
430027.0,9.0,25.0,66.0,52.0,4.0,44.0,57.0,70.0,45.0,21.0,10.0,32.0,22.0,20.0,23.0
430048.0,4.0,16.0,80.0,41.0,5.0,54.0,63.0,73.0,54.0,19.0,11.0,26.0,18.0,16.0,20.0
430077.0,9.0,25.0,66.0,51.0,8.0,41.0,54.0,67.0,40.0,21.0,12.0,30.0,25.0,21.0,30.0
430084.0,28.0,17.0,55.0,47.92933860938384,7.513284341435839,44.55737704918032,49.0,73.75409836065573,46.33945732052007,21.0,10.00423968343697,31.51271905031091,30.0,16.241661955907293,22.14782362916902
430089.0,3.0,11.0,86.0,35.0,4.0,61.0,74.0,87.0,61.0,13.0,4.0,21.0,13.0,9.0,18.0
430090.0,3.0,8.0,89.0,39.0,4.0,57.0,73.0,84.0,62.0,13.0,5.0,21.0,14.0,11.0,17.0
430091.0,3.0,4.0,93.0,28.0,3.0,69.0,77.0,89.0,65.0,10.0,4.0,17.0,13.0,7.0,18.0
430095.0,2.0,9.0,89.0,39.0,3.0,58.0,69.0,82.0,56.0,13.0,3.0,23.0,18.0,15.0,21.0
430097.0,7.0,18.0,75.0,49.0,6.0,45.0,54.0,68.0,39.0,20.0,13.0,27.0,26.0,19.0,34.0
430098.0,21.0,24.0,55.0,47.92933860938384,7.513284341435839,44.55737704918032,63.0,73.75409836065573,46.33945732052007,28.0,10.00423968343697,31.51271905031091,9.0,16.241661955907293,22.14782362916902
431300.0,2.0,18.0,80.0,55.0,2.0,43.0,64.0,75.0,54.0,15.0,5.0,27.0,21.0,20.0,19.0
431301.0,3.0,5.0,92.0,47.92933860938384,7.513284341435839,44.55737704918032,90.0,73.75409836065573,46.33945732052007,5.0,10.00423968343697,31.51271905031091,5.0,16.241661955907293,22.14782362916902
431305.0,0.0,10.0,90.0,47.92933860938384,7.513284341435839,44.55737704918032,71.0,73.75409836065573,46.33945732052007,9.0,10.00423968343697,31.51271905031091,20.0,16.241661955907293,22.14782362916902
431306.0,6.0,9.0,85.0,47.92933860938384,7.513284341435839,44.55737704918032,65.0,73.75409836065573,46.33945732052007,15.0,10.00423968343697,31.51271905031091,20.0,16.241661955907293,22.14782362916902
431309.0,4.0,2.0,94.0,47.92933860938384,7.513284341435839,44.55737704918032,93.0,73.75409836065573,46.33945732052007,1.0,10.00423968343697,31.51271905031091,6.0,16.241661955907293,22.14782362916902
431312.0,4.0,13.0,83.0,47.92933860938384,7.513284341435839,44.55737704918032,70.0,73.75409836065573,46.33945732052007,17.0,10.00423968343697,31.51271905031091,13.0,16.241661955907293,22.14782362916902
431313.0,0.0,20.0,80.0,47.92933860938384,7.513284341435839,44.55737704918032,55.0,73.75409836065573,46.33945732052007,22.0,10.00423968343697,31.51271905031091,23.0,16.241661955907293,22.14782362916902
431316.0,1.0,11.0,88.0,36.0,9.0,55.0,76.0,87.0,65.0,7.0,1.0,15.0,17.0,12.0,20.0
431319.0,1.0,12.0,87.0,41.0,4.0,55.0,76.0,97.0,54.0,9.0,0.0,20.0,15.0,3.0,26.0
431320.0,4.0,14.0,82.0,47.92933860938384,7.513284341435839,44.55737704918032,56.0,73.75409836065573,46.33945732052007,21.0,10.00423968343697,31.51271905031091,23.0,16.241661955907293,22.14782362916902
431321.0,4.0,23.0,73.0,42.0,6.0,52.0,62.0,76.0,49.0,15.0,6.0,25.0,23.0,18.0,26.0
431322.0,2.0,17.0,81.0,39.0,6.0,55.0,67.0,76.0,57.0,13.0,1.0,26.0,20.0,23.0,17.0
431323.0,12.0,8.0,80.0,47.92933860938384,7.513284341435839,44.55737704918032,64.0,73.75409836065573,46.33945732052007,22.0,10.00423968343697,31.51271905031091,14.0,16.241661955907293,22.14782362916902
431325.0,1.0,15.0,84.0,58.0,0.0,42.0,73.0,84.0,61.0,12.0,6.0,18.0,15.0,10.0,21.0
431326.0,2.0,17.0,81.0,45.0,2.0,53.0,71.0,79.0,62.0,12.0,6.0,20.0,17.0,15.0,18.0
431329.0,17.0,28.0,55.0,47.92933860938384,7.513284341435839,44.55737704918032,71.0,73.75409836065573,46.33945732052007,15.0,10.00423968343697,31.51271905031091,14.0,16.241661955907293,22.14782362916902
431330.0,1.0,12.0,87.0,48.0,0.0,52.0,76.0,94.0,57.0,10.0,1.0,19.0,14.0,5.0,24.0
431331.0,2.0,10.0,88.0,47.92933860938384,7.513284341435839,44.55737704918032,81.0,73.75409836065573,46.33945732052007,6.0,10.00423968343697,31.51271905031091,13.0,16.241661955907293,22.14782362916902
431334.0,5.0,26.0,69.0,47.92933860938384,7.513284341435839,44.55737704918032,50.0,73.75409836065573,46.33945732052007,23.0,10.00423968343697,31.51271905031091,27.0,16.241661955907293,22.14782362916902
431335.0,9.0,25.0,66.0,52.0,7.0,41.0,62.0,79.0,45.0,17.0,3.0,32.0,21.0,18.0,23.0
431336.0,4.0,19.0,77.0,47.92933860938384,7.513284341435839,44.55737704918032,60.0,73.75409836065573,46.33945732052007,13.0,10.00423968343697,31.51271905031091,27.0,16.241661955907293,22.14782362916902
431337.0,2.0,7.0,91.0,41.0,3.0,56.0,75.0,77.0,73.0,4.0,3.0,7.0,21.0,20.0,20.0
431338.0,1.0,10.0,89.0,40.0,0.0,60.0,75.0,84.0,63.0,8.0,0.0,17.0,17.0,16.0,20.0
431340.0,10.0,26.0,64.0,55.0,5.0,40.0,61.0,75.0,47.0,17.0,8.0,27.0,22.0,17.0,26.0
440001.0,3.0,10.0,87.0,43.0,6.0,51.0,76.0,85.0,67.0,11.0,7.0,16.0,13.0,8.0,17.0
440002.0,9.0,21.0,70.0,51.0,7.0,42.0,59.0,72.0,45.0,22.0,11.0,33.0,19.0,17.0,22.0
440003.0,15.0,26.0,59.0,51.0,12.0,37.0,54.0,70.0,37.0,29.0,14.0,44.0,17.0,16.0,19.0
440006.0,14.0,21.0,65.0,50.0,13.0,37.0,52.0,66.0,38.0,29.0,16.0,42.0,19.0,18.0,20.0
440007.0,0.0,0.0,100.0,64.0,0.0,36.0,90.0,97.0,83.0,0.0,0.0,0.0,10.0,3.0,17.0
440008.0,10.0,22.0,68.0,54.0,2.0,44.0,64.0,74.0,53.0,20.0,10.0,30.0,16.0,16.0,17.0
440009.0,13.0,26.0,61.0,55.0,9.0,36.0,54.0,70.0,37.0,25.0,11.0,38.0,21.0,19.0,25.0
440010.0,2.0,9.0,89.0,41.0,3.0,56.0,80.0,89.0,71.0,8.0,6.0,12.0,12.0,5.0,17.0
440011.0,8.0,24.0,68.0,50.0,7.0,43.0,60.0,75.0,46.0,19.0,9.0,29.0,21.0,16.0,25.0
440012.0,14.0,24.0,62.0,49.0,11.0,40.0,55.0,71.0,39.0,24.0,13.0,35.0,21.0,16.0,26.0
440015.0,8.0,20.0,72.0,46.0,8.0,46.0,61.0,73.0,48.0,22.0,11.0,32.0,17.0,16.0,20.0
440016.0,4.0,21.0,75.0,49.0,2.0,49.0,64.0,79.0,49.0,18.0,5.0,30.0,18.0,16.0,21.0
440017.0,13.0,24.0,63.0,52.0,10.0,38.0,53.0,68.0,39.0,23.0,13.0,33.0,24.0,19.0,28.0
440018.0,10.0,18.0,72.0,51.0,6.0,43.0,63.0,77.0,50.0,19.0,9.0,29.0,18.0,14.0,21.0
440020.0,10.0,20.0,70.0,48.0,8.0,44.0,63.0,73.0,53.0,19.0,10.0,28.0,18.0,17.0,19.0
440029.0,8.0,19.0,73.0,44.0,7.0,49.0,57.0,70.0,44.0,24.0,11.0,36.0,19.0,19.0,20.0
440030.0,14.0,25.0,61.0,51.0,8.0,41.0,60.0,75.0,45.0,19.0,9.0,29.0,21.0,16.0,26.0
440031.0,6.0,18.0,76.0,48.0,4.0,48.0,68.0,80.0,55.0,13.0,5.0,21.0,19.0,15.0,24.0
440032.0,12.0,10.0,78.0,47.92933860938384,7.513284341435839,44.55737704918032,66.0,73.75409836065573,46.33945732052007,7.0,10.00423968343697,31.51271905031091,27.0,16.241661955907293,22.14782362916902
440033.0,14.0,20.0,66.0,55.0,6.0,39.0,71.0,83.0,59.0,15.0,8.0,21.0,14.0,9.0,20.0
440034.0,8.0,21.0,71.0,50.0,8.0,42.0,58.0,71.0,45.0,23.0,12.0,34.0,19.0,17.0,21.0
440035.0,20.0,27.0,53.0,52.0,14.0,34.0,54.0,68.0,40.0,28.0,13.0,42.0,18.0,19.0,18.0
440039.0,8.0,17.0,75.0,42.0,6.0,52.0,62.0,75.0,50.0,19.0,10.0,29.0,19.0,15.0,21.0
440046.0,9.0,20.0,71.0,51.0,8.0,41.0,56.0,66.0,46.0,24.0,14.0,35.0,20.0,20.0,19.0
440048.0,11.0,25.0,64.0,54.0,8.0,38.0,52.0,67.0,36.0,26.0,12.0,41.0,22.0,21.0,23.0
440049.0,11.0,21.0,68.0,51.0,10.0,39.0,57.0,71.0,42.0,25.0,13.0,37.0,18.0,16.0,21.0
440050.0,13.0,26.0,61.0,51.0,10.0,39.0,53.0,67.0,40.0,25.0,16.0,34.0,22.0,17.0,26.0
440053.0,9.0,22.0,69.0,47.0,9.0,44.0,56.0,71.0,41.0,25.0,11.0,38.0,19.0,18.0,21.0
440056.0,11.0,26.0,63.0,46.0,11.0,43.0,58.0,72.0,45.0,22.0,10.0,33.0,20.0,18.0,22.0
440057.0,8.0,15.0,77.0,43.0,7.0,50.0,64.0,78.0,51.0,17.0,6.0,27.0,19.0,16.0,22.0
440058.0,8.0,21.0,71.0,50.0,7.0,43.0,61.0,73.0,49.0,19.0,9.0,30.0,20.0,18.0,21.0
440059.0,8.0,23.0,69.0,48.0,7.0,45.0,59.0,72.0,46.0,21.0,11.0,30.0,20.0,17.0,24.0
440060.0,2.0,8.0,90.0,47.0,0.0,53.0,71.0,86.0,56.0,19.0,6.0,32.0,10.0,8.0,12.0
440061.0,8.0,23.0,69.0,43.0,8.0,49.0,61.0,75.0,46.0,20.0,9.0,30.0,19.0,16.0,24.0
440063.0,20.0,26.0,54.0,52.0,12.0,36.0,55.0,68.0,41.0,27.0,14.0,40.0,18.0,18.0,19.0
440065.0,10.0,24.0,66.0,49.0,9.0,42.0,57.0,70.0,44.0,22.0,12.0,33.0,21.0,18.0,23.0
440068.0,9.0,20.0,71.0,54.0,6.0,40.0,64.0,76.0,53.0,18.0,7.0,29.0,18.0,17.0,18.0
440072.0,9.0,24.0,67.0,49.0,5.0,46.0,65.0,78.0,52.0,21.0,11.0,31.0,14.0,11.0,17.0
440073.0,6.0,20.0,74.0,51.0,4.0,45.0,65.0,80.0,51.0,16.0,5.0,26.0,19.0,15.0,23.0
440081.0,6.0,20.0,74.0,44.0,7.0,49.0,62.0,75.0,49.0,21.0,9.0,33.0,17.0,16.0,18.0
440082.0,6.0,21.0,73.0,49.0,7.0,44.0,54.0,70.0,39.0,24.0,11.0,38.0,22.0,19.0,23.0
440084.0,11.0,24.0,65.0,49.0,10.0,41.0,61.0,74.0,48.0,23.0,14.0,31.0,16.0,12.0,21.0
440091.0,7.0,17.0,76.0,47.0,7.0,46.0,60.0,76.0,43.0,23.0,9.0,36.0,17.0,15.0,21.0
440102.0,5.0,26.0,69.0,36.0,5.0,59.0,65.0,74.0,56.0,22.0,12.0,31.0,13.0,14.0,13.0
440104.0,14.0,22.0,64.0,52.0,9.0,39.0,56.0,70.0,42.0,26.0,14.0,38.0,18.0,16.0,20.0
440109.0,14.0,27.0,59.0,48.0,14.0,38.0,48.0,59.0,37.0,27.0,10.0,43.0,25.0,31.0,20.0
440110.0,8.0,23.0,69.0,49.0,6.0,45.0,59.0,75.0,44.0,23.0,11.0,34.0,18.0,14.0,22.0
440111.0,13.0,23.0,64.0,41.0,18.0,41.0,58.0,69.0,46.0,21.0,9.0,33.0,21.0,22.0,21.0
440120.0,11.0,18.0,71.0,47.0,9.0,44.0,62.0,76.0,48.0,21.0,11.0,31.0,17.0,13.0,21.0
440125.0,9.0,19.0,72.0,48.0,7.0,45.0,59.0,74.0,44.0,24.0,11.0,36.0,17.0,15.0,20.0
440130.0,6.0,22.0,72.0,49.0,5.0,46.0,56.0,72.0,39.0,23.0,12.0,34.0,21.0,16.0,27.0
440131.0,8.0,22.0,70.0,49.0,3.0,48.0,66.0,74.0,59.0,16.0,5.0,28.0,18.0,21.0,13.0
440132.0,7.0,19.0,74.0,43.0,5.0,52.0,68.0,84.0,53.0,14.0,5.0,23.0,18.0,11.0,24.0
440137.0,7.0,27.0,66.0,48.0,6.0,46.0,62.0,76.0,48.0,18.0,7.0,29.0,20.0,17.0,23.0
440144.0,13.0,22.0,65.0,52.0,12.0,36.0,57.0,67.0,46.0,25.0,17.0,33.0,18.0,16.0,21.0
440148.0,3.0,11.0,86.0,48.0,4.0,48.0,64.0,84.0,44.0,8.0,4.0,12.0,28.0,12.0,44.0
440150.0,11.0,25.0,64.0,50.0,10.0,40.0,55.0,70.0,40.0,24.0,11.0,38.0,21.0,19.0,22.0
440151.0,4.0,22.0,74.0,53.0,5.0,42.0,63.0,75.0,51.0,17.0,8.0,26.0,20.0,17.0,23.0
440152.0,12.0,27.0,61.0,54.0,15.0,31.0,54.0,68.0,40.0,27.0,14.0,39.0,19.0,18.0,21.0
440153.0,13.0,19.0,68.0,48.0,11.0,41.0,59.0,73.0,45.0,25.0,14.0,36.0,16.0,13.0,19.0
440156.0,10.0,18.0,72.0,51.0,9.0,40.0,55.0,72.0,38.0,24.0,12.0,36.0,21.0,16.0,26.0
440161.0,9.0,17.0,74.0,49.0,8.0,43.0,56.0,72.0,40.0,22.0,6.0,37.0,22.0,22.0,23.0
440173.0,10.0,22.0,68.0,47.0,8.0,45.0,57.0,71.0,42.0,26.0,14.0,38.0,17.0,15.0,20.0
440175.0,10.0,23.0,67.0,46.0,9.0,45.0,63.0,78.0,48.0,16.0,6.0,26.0,21.0,16.0,26.0
440176.0,12.0,22.0,66.0,49.0,10.0,41.0,57.0,72.0,42.0,27.0,11.0,42.0,16.0,17.0,16.0
440183.0,22.0,28.0,50.0,55.0,16.0,29.0,50.0,61.0,40.0,30.0,20.0,40.0,20.0,19.0,20.0
440184.0,8.0,20.0,72.0,45.0,7.0,48.0,62.0,76.0,48.0,20.0,9.0,31.0,18.0,15.0,21.0
440185.0,16.0,29.0,55.0,54.0,11.0,35.0,55.0,69.0,42.0,27.0,15.0,40.0,18.0,16.0,18.0
440187.0,10.0,20.0,70.0,40.0,9.0,51.0,54.0,64.0,44.0,22.0,12.0,32.0,24.0,24.0,24.0
440192.0,5.0,13.0,82.0,45.0,6.0,49.0,65.0,78.0,52.0,16.0,6.0,26.0,19.0,16.0,22.0
440193.0,9.0,23.0,68.0,50.0,8.0,42.0,56.0,70.0,42.0,24.0,13.0,36.0,20.0,17.0,22.0
440194.0,12.0,19.0,69.0,51.0,9.0,40.0,55.0,69.0,41.0,24.0,12.0,36.0,21.0,19.0,23.0
440197.0,10.0,24.0,66.0,52.0,8.0,40.0,53.0,68.0,38.0,26.0,15.0,37.0,21.0,17.0,25.0
440200.0,26.0,15.0,59.0,47.92933860938384,7.513284341435839,44.55737704918032,50.0,73.75409836065573,46.33945732052007,42.0,10.00423968343697,31.51271905031091,8.0,16.241661955907293,22.14782362916902
440218.0,2.0,10.0,88.0,31.0,6.0,63.0,73.0,84.0,61.0,12.0,3.0,20.0,15.0,13.0,19.0
440227.0,9.0,24.0,67.0,53.0,7.0,40.0,55.0,69.0,41.0,24.0,12.0,36.0,21.0,19.0,23.0
440228.0,24.0,27.0,49.0,50.0,20.0,30.0,46.0,60.0,32.0,33.0,20.0,47.0,21.0,20.0,21.0
441301.0,0.0,3.0,97.0,38.0,0.0,62.0,80.0,86.0,74.0,9.0,7.0,11.0,11.0,7.0,15.0
441303.0,3.0,21.0,76.0,47.92933860938384,7.513284341435839,44.55737704918032,53.0,73.75409836065573,46.33945732052007,19.0,10.00423968343697,31.51271905031091,28.0,16.241661955907293,22.14782362916902
441305.0,5.0,18.0,77.0,46.0,3.0,51.0,63.0,67.0,59.0,15.0,6.0,23.0,22.0,27.0,18.0
441306.0,2.0,8.0,90.0,47.92933860938384,7.513284341435839,44.55737704918032,72.0,73.75409836065573,46.33945732052007,8.0,10.00423968343697,31.51271905031091,20.0,16.241661955907293,22.14782362916902
441307.0,3.0,14.0,83.0,45.0,2.0,53.0,66.0,75.0,57.0,15.0,7.0,22.0,19.0,18.0,21.0
441309.0,2.0,9.0,89.0,35.0,3.0,62.0,69.0,81.0,57.0,9.0,1.0,20.0,22.0,18.0,23.0
441310.0,20.0,20.0,60.0,42.0,15.0,43.0,50.0,66.0,33.0,21.0,6.0,35.0,29.0,28.0,32.0
450002.0,22.0,27.0,51.0,48.0,15.0,37.0,50.0,64.0,37.0,32.0,17.0,46.0,18.0,19.0,17.0
450007.0,5.0,13.0,82.0,46.0,5.0,49.0,64.0,77.0,51.0,18.0,8.0,28.0,18.0,15.0,21.0
450010.0,7.0,18.0,75.0,51.0,5.0,44.0,57.0,70.0,44.0,20.0,8.0,32.0,23.0,22.0,24.0
450011.0,11.0,24.0,65.0,53.0,9.0,38.0,59.0,74.0,44.0,22.0,10.0,34.0,19.0,16.0,22.0
450015.0,9.0,21.0,70.0,47.0,9.0,44.0,53.0,65.0,40.0,26.0,14.0,37.0,21.0,21.0,23.0
450018.0,8.0,20.0,72.0,44.0,9.0,47.0,62.0,74.0,49.0,20.0,9.0,31.0,18.0,17.0,20.0
450021.0,9.0,20.0,71.0,44.0,8.0,48.0,61.0,74.0,47.0,21.0,9.0,32.0,18.0,17.0,21.0
450023.0,6.0,18.0,76.0,50.0,5.0,45.0,58.0,73.0,42.0,19.0,9.0,30.0,23.0,18.0,28.0
450024.0,9.0,21.0,70.0,52.0,11.0,37.0,54.0,70.0,38.0,23.0,11.0,34.0,23.0,19.0,28.0
450028.0,17.0,24.0,59.0,47.0,14.0,39.0,53.0,62.0,43.0,29.0,18.0,41.0,18.0,20.0,16.0
450029.0,11.0,29.0,60.0,55.0,12.0,33.0,63.0,77.0,48.0,22.0,12.0,32.0,15.0,11.0,20.0
450032.0,10.0,18.0,72.0,48.0,9.0,43.0,61.0,73.0,49.0,23.0,14.0,31.0,16.0,13.0,20.0
450033.0,16.0,27.0,57.0,48.0,14.0,38.0,51.0,66.0,36.0,31.0,16.0,46.0,18.0,18.0,18.0
450034.0,10.0,23.0,67.0,48.0,8.0,44.0,60.0,74.0,46.0,24.0,11.0,37.0,16.0,15.0,17.0
450035.0,15.0,26.0,59.0,48.0,13.0,39.0,51.0,65.0,37.0,30.0,17.0,43.0,19.0,18.0,20.0
450039.0,10.0,24.0,66.0,57.0,11.0,32.0,54.0,70.0,39.0,24.0,13.0,35.0,22.0,17.0,26.0
450040.0,10.0,22.0,68.0,50.0,7.0,43.0,58.0,72.0,45.0,24.0,12.0,36.0,18.0,16.0,19.0
450042.0,7.0,20.0,73.0,47.0,7.0,46.0,60.0,73.0,48.0,20.0,10.0,29.0,20.0,17.0,23.0
450044.0,5.0,10.0,85.0,38.0,5.0,57.0,64.0,78.0,51.0,19.0,7.0,30.0,17.0,15.0,19.0
450046.0,9.0,20.0,71.0,48.0,8.0,44.0,58.0,72.0,44.0,22.0,11.0,32.0,20.0,17.0,24.0
450051.0,8.0,17.0,75.0,50.0,7.0,43.0,64.0,81.0,48.0,19.0,7.0,31.0,17.0,12.0,21.0
450054.0,8.0,19.0,73.0,46.0,7.0,47.0,62.0,75.0,48.0,20.0,10.0,30.0,18.0,15.0,22.0
450055.0,3.0,11.0,86.0,33.0,3.0,64.0,80.0,93.0,66.0,7.0,3.0,12.0,13.0,4.0,22.0
450056.0,12.0,23.0,65.0,51.0,9.0,40.0,58.0,73.0,43.0,21.0,10.0,33.0,21.0,17.0,24.0
450058.0,13.0,21.0,66.0,47.0,12.0,41.0,57.0,70.0,43.0,25.0,13.0,37.0,18.0,17.0,20.0
450064.0,12.0,23.0,65.0,47.0,11.0,42.0,55.0,69.0,40.0,25.0,11.0,40.0,20.0,20.0,20.0
450068.0,11.0,18.0,71.0,45.0,9.0,46.0,58.0,72.0,44.0,21.0,9.0,33.0,21.0,19.0,23.0
450072.0,11.0,25.0,64.0,52.0,6.0,42.0,61.0,76.0,47.0,19.0,7.0,31.0,20.0,17.0,22.0
450079.0,8.0,16.0,76.0,43.0,7.0,50.0,62.0,75.0,49.0,19.0,8.0,29.0,19.0,17.0,22.0
450080.0,8.0,21.0,71.0,50.0,6.0,44.0,58.0,74.0,43.0,23.0,10.0,37.0,19.0,16.0,20.0
450082.0,4.0,25.0,71.0,55.0,5.0,40.0,62.0,75.0,48.0,21.0,8.0,34.0,17.0,17.0,18.0
450083.0,13.0,23.0,64.0,52.0,10.0,38.0,54.0,68.0,40.0,25.0,12.0,38.0,21.0,20.0,22.0
450087.0,11.0,24.0,65.0,50.0,10.0,40.0,52.0,67.0,37.0,30.0,16.0,44.0,18.0,17.0,19.0
450090.0,3.0,24.0,73.0,44.0,9.0,47.0,69.0,82.0,55.0,17.0,8.0,26.0,14.0,10.0,19.0
450092.0,12.0,30.0,58.0,61.0,8.0,31.0,65.0,76.0,54.0,18.0,9.0,28.0,17.0,15.0,18.0
450097.0,14.0,25.0,61.0,51.0,13.0,36.0,53.0,67.0,40.0,27.0,14.0,41.0,20.0,19.0,19.0
450101.0,5.0,16.0,79.0,45.0,5.0,50.0,63.0,76.0,51.0,18.0,9.0,27.0,19.0,15.0,22.0
450102.0,9.0,16.0,75.0,43.0,7.0,50.0,60.0,75.0,45.0,22.0,9.0,35.0,18.0,16.0,20.0
450104.0,4.0,13.0,83.0,43.0,6.0,51.0,70.0,81.0,60.0,11.0,4.0,19.0,19.0,15.0,21.0
450107.0,13.0,23.0,64.0,47.0,12.0,41.0,56.0,70.0,42.0,26.0,13.0,39.0,18.0,17.0,19.0
450108.0,6.0,13.0,81.0,43.0,4.0,53.0,81.0,90.0,71.0,13.0,6.0,21.0,6.0,4.0,8.0
450119.0,14.0,23.0,63.0,47.0,12.0,41.0,56.0,70.0,43.0,26.0,13.0,39.0,18.0,17.0,18.0
450124.0,7.0,15.0,78.0,44.0,8.0,48.0,60.0,75.0,45.0,21.0,12.0,30.0,19.0,13.0,25.0
450128.0,11.0,27.0,62.0,59.0,12.0,29.0,59.0,69.0,49.0,22.0,12.0,32.0,19.0,19.0,19.0
450132.0,8.0,24.0,68.0,58.0,8.0,34.0,59.0,73.0,46.0,23.0,12.0,33.0,18.0,15.0,21.0
450133.0,9.0,28.0,63.0,59.0,9.0,32.0,50.0,65.0,36.0,25.0,14.0,35.0,25.0,21.0,29.0
450135.0,10.0,17.0,73.0,47.0,8.0,45.0,55.0,70.0,41.0,25.0,13.0,36.0,20.0,17.0,23.0
450137.0,8.0,19.0,73.0,46.0,7.0,47.0,60.0,74.0,45.0,21.0,9.0,32.0,19.0,17.0,23.0
450143.0,1.0,13.0,86.0,28.0,6.0,66.0,72.0,78.0,66.0,17.0,11.0,22.0,11.0,11.0,12.0
450144.0,4.0,14.0,82.0,51.0,6.0,43.0,73.0,80.0,67.0,15.0,8.0,21.0,12.0,12.0,12.0
450147.0,8.0,23.0,69.0,52.0,5.0,43.0,64.0,80.0,48.0,20.0,9.0,31.0,16.0,11.0,21.0
450148.0,10.0,24.0,66.0,50.0,6.0,44.0,57.0,72.0,42.0,23.0,11.0,36.0,20.0,17.0,22.0
450152.0,12.0,18.0,70.0,44.0,10.0,46.0,63.0,76.0,51.0,21.0,12.0,30.0,16.0,12.0,19.0
450154.0,12.0,28.0,60.0,51.0,15.0,34.0,59.0,75.0,44.0,22.0,8.0,35.0,19.0,17.0,21.0
450155.0,3.0,15.0,82.0,47.92933860938384,7.513284341435839,44.55737704918032,71.0,73.75409836065573,46.33945732052007,17.0,10.00423968343697,31.51271905031091,12.0,16.241661955907293,22.14782362916902
450162.0,5.0,12.0,83.0,36.0,3.0,61.0,62.0,79.0,45.0,16.0,5.0,27.0,22.0,16.0,28.0
450163.0,19.0,25.0,56.0,49.0,12.0,39.0,61.0,72.0,50.0,24.0,13.0,36.0,15.0,15.0,14.0
450165.0,6.0,17.0,77.0,41.0,8.0,51.0,64.0,72.0,55.0,19.0,11.0,27.0,17.0,17.0,18.0
450176.0,7.0,22.0,71.0,60.0,7.0,33.0,63.0,76.0,51.0,17.0,9.0,24.0,20.0,15.0,25.0
450184.0,11.0,18.0,71.0,46.0,10.0,44.0,57.0,70.0,43.0,25.0,14.0,37.0,18.0,16.0,20.0
450193.0,12.0,20.0,68.0,45.0,10.0,45.0,55.0,71.0,38.0,26.0,13.0,38.0,19.0,16.0,24.0
450194.0,6.0,21.0,73.0,41.0,8.0,51.0,66.0,81.0,51.0,15.0,5.0,25.0,19.0,14.0,24.0
450196.0,14.0,29.0,57.0,53.0,10.0,37.0,56.0,70.0,43.0,25.0,13.0,38.0,19.0,17.0,19.0
450200.0,11.0,22.0,67.0,46.0,9.0,45.0,58.0,70.0,46.0,22.0,12.0,32.0,20.0,18.0,22.0
450203.0,14.0,23.0,63.0,49.0,12.0,39.0,52.0,69.0,36.0,26.0,13.0,39.0,22.0,18.0,25.0
450209.0,11.0,26.0,63.0,51.0,10.0,39.0,55.0,68.0,43.0,25.0,13.0,36.0,20.0,19.0,21.0
450210.0,6.0,10.0,84.0,47.92933860938384,7.513284341435839,44.55737704918032,76.0,73.75409836065573,46.33945732052007,10.0,10.00423968343697,31.51271905031091,14.0,16.241661955907293,22.14782362916902
450211.0,10.0,19.0,71.0,49.0,7.0,44.0,62.0,75.0,49.0,23.0,13.0,33.0,15.0,12.0,18.0
450213.0,8.0,21.0,71.0,54.0,9.0,37.0,56.0,70.0,43.0,22.0,11.0,32.0,22.0,19.0,25.0
450222.0,15.0,23.0,62.0,49.0,11.0,40.0,54.0,67.0,41.0,28.0,15.0,41.0,18.0,18.0,18.0
450229.0,10.0,22.0,68.0,49.0,8.0,43.0,60.0,74.0,45.0,23.0,11.0,36.0,17.0,15.0,19.0
450231.0,8.0,19.0,73.0,49.0,7.0,44.0,61.0,76.0,46.0,20.0,10.0,31.0,19.0,14.0,23.0
450235.0,5.0,19.0,76.0,47.92933860938384,7.513284341435839,44.55737704918032,69.0,73.75409836065573,46.33945732052007,14.0,10.00423968343697,31.51271905031091,17.0,16.241661955907293,22.14782362916902
450236.0,5.0,17.0,78.0,44.0,6.0,50.0,64.0,79.0,49.0,18.0,7.0,28.0,18.0,14.0,23.0
450237.0,9.0,20.0,71.0,46.0,10.0,44.0,60.0,73.0,48.0,24.0,11.0,37.0,16.0,16.0,15.0
450241.0,1.0,26.0,73.0,47.92933860938384,7.513284341435839,44.55737704918032,60.0,73.75409836065573,46.33945732052007,21.0,10.00423968343697,31.51271905031091,19.0,16.241661955907293,22.14782362916902
450272.0,8.0,18.0,74.0,48.0,8.0,44.0,60.0,72.0,48.0,19.0,10.0,28.0,21.0,18.0,24.0
450289.0,8.0,21.0,71.0,46.0,10.0,44.0,58.0,72.0,44.0,23.0,10.0,36.0,19.0,18.0,20.0
450292.0,3.0,19.0,78.0,45.0,5.0,50.0,66.0,76.0,56.0,13.0,7.0,19.0,21.0,17.0,25.0
450324.0,12.0,21.0,67.0,51.0,8.0,41.0,58.0,72.0,45.0,21.0,8.0,34.0,21.0,20.0,21.0
450330.0,18.0,21.0,61.0,51.0,16.0,33.0,51.0,60.0,41.0,30.0,19.0,39.0,19.0,21.0,20.0
450346.0,10.0,20.0,70.0,50.0,9.0,41.0,57.0,70.0,44.0,26.0,14.0,39.0,17.0,16.0,17.0
450347.0,11.0,25.0,64.0,48.0,11.0,41.0,59.0,73.0,46.0,20.0,10.0,29.0,21.0,17.0,25.0
450351.0,6.0,17.0,77.0,45.0,5.0,50.0,63.0,72.0,53.0,18.0,9.0,27.0,19.0,19.0,20.0
450352.0,8.0,24.0,68.0,52.0,8.0,40.0,58.0,72.0,45.0,19.0,10.0,29.0,23.0,18.0,26.0
450358.0,7.0,15.0,78.0,43.0,7.0,50.0,60.0,73.0,46.0,22.0,10.0,34.0,18.0,17.0,20.0
450369.0,1.0,13.0,86.0,35.0,5.0,60.0,77.0,85.0,69.0,7.0,2.0,12.0,16.0,13.0,19.0
450370.0,8.0,15.0,77.0,49.0,8.0,43.0,53.0,68.0,39.0,13.0,6.0,18.0,34.0,26.0,43.0
450372.0,7.0,15.0,78.0,42.0,6.0,52.0,62.0,76.0,48.0,21.0,9.0,32.0,17.0,15.0,20.0
450379.0,22.0,23.0,55.0,49.0,17.0,34.0,47.0,62.0,33.0,33.0,19.0,47.0,20.0,19.0,20.0
450388.0,11.0,20.0,69.0,46.0,10.0,44.0,57.0,71.0,43.0,24.0,12.0,36.0,19.0,17.0,21.0
450389.0,8.0,22.0,70.0,53.0,7.0,40.0,66.0,77.0,55.0,16.0,8.0,23.0,18.0,15.0,22.0
450395.0,10.0,24.0,66.0,50.0,9.0,41.0,66.0,76.0,56.0,15.0,6.0,24.0,19.0,18.0,20.0
450399.0,15.0,22.0,63.0,47.0,8.0,45.0,63.0,75.0,52.0,16.0,6.0,25.0,21.0,19.0,23.0
450400.0,2.0,12.0,86.0,47.92933860938384,7.513284341435839,44.55737704918032,89.0,73.75409836065573,46.33945732052007,2.0,10.00423968343697,31.51271905031091,9.0,16.241661955907293,22.14782362916902
450403.0,7.0,20.0,73.0,46.0,7.0,47.0,63.0,76.0,50.0,20.0,9.0,31.0,17.0,15.0,19.0
450411.0,6.0,24.0,70.0,49.0,8.0,43.0,60.0,67.0,53.0,24.0,21.0,28.0,16.0,12.0,19.0
450419.0,12.0,20.0,68.0,56.0,7.0,37.0,53.0,68.0,38.0,25.0,11.0,38.0,22.0,21.0,24.0
450422.0,11.0,15.0,74.0,40.0,9.0,51.0,64.0,79.0,47.0,23.0,12.0,34.0,13.0,9.0,19.0
450424.0,6.0,16.0,78.0,43.0,7.0,50.0,64.0,78.0,49.0,19.0,9.0,30.0,17.0,13.0,21.0
450431.0,8.0,21.0,71.0,45.0,7.0,48.0,60.0,73.0,47.0,22.0,11.0,33.0,18.0,16.0,20.0
450447.0,15.0,30.0,55.0,56.0,12.0,32.0,57.0,66.0,48.0,18.0,10.0,26.0,25.0,24.0,26.0
450451.0,2.0,16.0,82.0,44.0,4.0,52.0,75.0,82.0,69.0,13.0,3.0,24.0,12.0,15.0,7.0
450462.0,10.0,21.0,69.0,50.0,8.0,42.0,52.0,65.0,39.0,28.0,15.0,41.0,20.0,20.0,20.0
450465.0,5.0,27.0,68.0,44.0,5.0,51.0,69.0,78.0,60.0,12.0,6.0,18.0,19.0,16.0,22.0
450475.0,1.0,26.0,73.0,40.0,3.0,57.0,66.0,81.0,51.0,12.0,2.0,22.0,22.0,17.0,27.0
450484.0,9.0,23.0,68.0,52.0,8.0,40.0,58.0,71.0,45.0,24.0,11.0,37.0,18.0,18.0,18.0
450489.0,12.0,11.0,77.0,47.92933860938384,7.513284341435839,44.55737704918032,57.0,73.75409836065573,46.33945732052007,23.0,10.00423968343697,31.51271905031091,20.0,16.241661955907293,22.14782362916902
450508.0,18.0,19.0,63.0,49.0,14.0,37.0,50.0,59.0,41.0,33.0,25.0,42.0,17.0,16.0,17.0
450518.0,18.0,23.0,59.0,51.0,16.0,33.0,62.0,73.0,51.0,19.0,10.0,27.0,19.0,17.0,22.0
450537.0,6.0,18.0,76.0,43.0,7.0,50.0,58.0,70.0,45.0,21.0,10.0,31.0,21.0,20.0,24.0
450539.0,9.0,21.0,70.0,52.0,4.0,44.0,65.0,72.0,58.0,20.0,10.0,29.0,15.0,18.0,13.0
450563.0,6.0,15.0,79.0,43.0,6.0,51.0,61.0,75.0,48.0,20.0,10.0,30.0,19.0,15.0,22.0
450565.0,5.0,23.0,72.0,43.0,7.0,50.0,68.0,79.0,57.0,16.0,9.0,23.0,16.0,12.0,20.0
450571.0,9.0,23.0,68.0,52.0,5.0,43.0,62.0,76.0,48.0,21.0,10.0,32.0,17.0,14.0,20.0
450573.0,3.0,17.0,80.0,50.0,5.0,45.0,69.0,80.0,58.0,15.0,9.0,22.0,16.0,11.0,20.0
450584.0,8.0,16.0,76.0,38.0,4.0,58.0,71.0,78.0,64.0,15.0,6.0,23.0,14.0,16.0,13.0
450587.0,13.0,29.0,58.0,57.0,8.0,35.0,56.0,69.0,43.0,27.0,15.0,38.0,17.0,16.0,19.0
450596.0,12.0,27.0,61.0,55.0,8.0,37.0,59.0,72.0,46.0,25.0,14.0,36.0,16.0,14.0,18.0
450597.0,2.0,13.0,85.0,47.92933860938384,7.513284341435839,44.55737704918032,82.0,73.75409836065573,46.33945732052007,5.0,10.00423968343697,31.51271905031091,13.0,16.241661955907293,22.14782362916902
450604.0,8.0,13.0,79.0,41.0,3.0,56.0,66.0,78.0,54.0,16.0,8.0,25.0,18.0,14.0,21.0
450610.0,11.0,19.0,70.0,48.0,9.0,43.0,56.0,71.0,41.0,23.0,11.0,35.0,21.0,18.0,24.0
450617.0,15.0,23.0,62.0,47.0,14.0,39.0,53.0,67.0,40.0,28.0,14.0,42.0,19.0,19.0,18.0
450634.0,8.0,17.0,75.0,44.0,8.0,48.0,62.0,73.0,50.0,21.0,11.0,31.0,17.0,16.0,19.0
450638.0,16.0,22.0,62.0,46.0,14.0,40.0,54.0,70.0,37.0,29.0,14.0,44.0,17.0,16.0,19.0
450639.0,8.0,25.0,67.0,49.0,8.0,43.0,53.0,67.0,40.0,27.0,14.0,41.0,20.0,19.0,19.0
450641.0,2.0,11.0,87.0,33.0,5.0,62.0,80.0,88.0,70.0,14.0,9.0,18.0,6.0,3.0,12.0
450643.0,15.0,22.0,63.0,45.0,13.0,42.0,59.0,72.0,46.0,27.0,13.0,41.0,14.0,15.0,13.0
450644.0,17.0,27.0,56.0,49.0,13.0,38.0,47.0,58.0,36.0,33.0,20.0,46.0,20.0,22.0,18.0
450647.0,9.0,21.0,70.0,43.0,11.0,46.0,59.0,74.0,44.0,23.0,11.0,35.0,18.0,15.0,21.0
450651.0,12.0,18.0,70.0,46.0,11.0,43.0,53.0,67.0,40.0,27.0,15.0,40.0,20.0,18.0,20.0
450653.0,12.0,26.0,62.0,54.0,0.0,46.0,73.0,77.0,68.0,12.0,10.0,14.0,15.0,13.0,18.0
450654.0,11.0,23.0,66.0,49.0,8.0,43.0,63.0,77.0,49.0,16.0,5.0,27.0,21.0,18.0,24.0
450656.0,10.0,21.0,69.0,49.0,6.0,45.0,58.0,70.0,46.0,21.0,10.0,32.0,21.0,20.0,22.0
450658.0,2.0,13.0,85.0,47.92933860938384,7.513284341435839,44.55737704918032,70.0,73.75409836065573,46.33945732052007,7.0,10.00423968343697,31.51271905031091,23.0,16.241661955907293,22.14782362916902
450659.0,12.0,20.0,68.0,49.0,11.0,40.0,56.0,68.0,43.0,23.0,12.0,35.0,21.0,20.0,22.0
450661.0,12.0,23.0,65.0,50.0,9.0,41.0,61.0,74.0,47.0,20.0,9.0,30.0,19.0,17.0,23.0
450662.0,13.0,24.0,63.0,46.0,13.0,41.0,52.0,65.0,40.0,29.0,17.0,41.0,19.0,18.0,19.0
450668.0,12.0,21.0,67.0,46.0,10.0,44.0,59.0,73.0,45.0,21.0,11.0,32.0,20.0,16.0,23.0
450669.0,10.0,21.0,69.0,44.0,10.0,46.0,58.0,75.0,42.0,23.0,11.0,35.0,19.0,14.0,23.0
450670.0,15.0,23.0,62.0,44.0,16.0,40.0,51.0,66.0,36.0,29.0,17.0,41.0,20.0,17.0,23.0
450672.0,14.0,19.0,67.0,48.0,10.0,42.0,59.0,74.0,43.0,23.0,13.0,33.0,18.0,13.0,24.0
450674.0,16.0,28.0,56.0,55.0,13.0,32.0,46.0,63.0,28.0,29.0,14.0,44.0,25.0,23.0,28.0
450675.0,22.0,21.0,57.0,52.0,14.0,34.0,49.0,63.0,36.0,29.0,17.0,42.0,22.0,20.0,22.0
450677.0,8.0,20.0,72.0,47.0,6.0,47.0,58.0,73.0,44.0,22.0,10.0,34.0,20.0,17.0,22.0
450678.0,26.0,23.0,51.0,45.0,24.0,31.0,51.0,64.0,39.0,34.0,22.0,46.0,15.0,14.0,15.0
450684.0,11.0,20.0,69.0,48.0,9.0,43.0,54.0,68.0,40.0,27.0,14.0,40.0,19.0,18.0,20.0
450686.0,6.0,16.0,78.0,43.0,6.0,51.0,63.0,75.0,51.0,18.0,10.0,27.0,19.0,15.0,22.0
450688.0,14.0,28.0,58.0,57.0,15.0,28.0,48.0,63.0,34.0,28.0,13.0,41.0,24.0,24.0,25.0
450690.0,4.0,22.0,74.0,48.0,6.0,46.0,66.0,82.0,50.0,17.0,6.0,29.0,17.0,12.0,21.0
450694.0,10.0,31.0,59.0,47.0,10.0,43.0,55.0,68.0,42.0,20.0,12.0,27.0,25.0,20.0,31.0
450698.0,2.0,34.0,64.0,47.92933860938384,7.513284341435839,44.55737704918032,59.0,73.75409836065573,46.33945732052007,18.0,10.00423968343697,31.51271905031091,23.0,16.241661955907293,22.14782362916902
450702.0,9.0,22.0,69.0,48.0,7.0,45.0,59.0,74.0,45.0,21.0,11.0,32.0,20.0,15.0,23.0
450709.0,4.0,12.0,84.0,42.0,5.0,53.0,64.0,78.0,50.0,17.0,6.0,28.0,19.0,16.0,22.0
450711.0,13.0,22.0,65.0,43.0,10.0,47.0,58.0,70.0,46.0,22.0,11.0,34.0,20.0,19.0,20.0
450713.0,9.0,22.0,69.0,49.0,9.0,42.0,57.0,70.0,43.0,23.0,12.0,34.0,20.0,18.0,23.0
450718.0,12.0,21.0,67.0,47.0,10.0,43.0,54.0,67.0,40.0,25.0,13.0,36.0,21.0,20.0,24.0
450723.0,10.0,17.0,73.0,46.0,8.0,46.0,60.0,77.0,44.0,25.0,13.0,36.0,15.0,10.0,20.0
450730.0,18.0,26.0,56.0,46.0,12.0,42.0,55.0,69.0,42.0,24.0,12.0,36.0,21.0,19.0,22.0
450742.0,8.0,22.0,70.0,43.0,9.0,48.0,59.0,71.0,48.0,20.0,10.0,30.0,21.0,19.0,22.0
450743.0,6.0,19.0,75.0,45.0,7.0,48.0,56.0,70.0,43.0,23.0,10.0,36.0,21.0,20.0,21.0
450747.0,16.0,24.0,60.0,55.0,8.0,37.0,55.0,70.0,41.0,27.0,13.0,40.0,18.0,17.0,19.0
450755.0,5.0,19.0,76.0,47.92933860938384,7.513284341435839,44.55737704918032,70.0,73.75409836065573,46.33945732052007,8.0,10.00423968343697,31.51271905031091,22.0,16.241661955907293,22.14782362916902
450771.0,9.0,19.0,72.0,46.0,9.0,45.0,54.0,67.0,41.0,27.0,14.0,40.0,19.0,19.0,19.0
450774.0,7.0,10.0,83.0,42.0,4.0,54.0,69.0,80.0,58.0,17.0,7.0,27.0,14.0,13.0,15.0
450775.0,19.0,24.0,57.0,52.0,13.0,35.0,51.0,65.0,37.0,31.0,16.0,46.0,18.0,19.0,17.0
450779.0,8.0,17.0,75.0,47.0,8.0,45.0,58.0,72.0,44.0,24.0,11.0,37.0,18.0,17.0,19.0
450788.0,12.0,23.0,65.0,49.0,10.0,41.0,58.0,72.0,44.0,25.0,14.0,36.0,17.0,14.0,20.0
450801.0,7.0,21.0,72.0,51.0,5.0,44.0,58.0,72.0,45.0,18.0,9.0,28.0,24.0,19.0,27.0
450804.0,4.0,10.0,86.0,35.0,5.0,60.0,72.0,85.0,59.0,15.0,5.0,25.0,13.0,10.0,16.0
450808.0,5.0,14.0,81.0,36.0,4.0,60.0,69.0,79.0,59.0,13.0,6.0,20.0,18.0,15.0,21.0
450809.0,9.0,24.0,67.0,48.0,8.0,44.0,55.0,66.0,43.0,26.0,14.0,38.0,19.0,20.0,19.0
450820.0,6.0,14.0,80.0,46.0,7.0,47.0,60.0,74.0,47.0,22.0,10.0,33.0,18.0,16.0,20.0
450822.0,14.0,26.0,60.0,54.0,12.0,34.0,51.0,66.0,37.0,30.0,17.0,42.0,19.0,17.0,21.0
450825.0,6.0,5.0,89.0,47.92933860938384,7.513284341435839,44.55737704918032,52.0,73.75409836065573,46.33945732052007,45.0,10.00423968343697,31.51271905031091,3.0,16.241661955907293,22.14782362916902
450827.0,6.0,12.0,82.0,39.0,8.0,53.0,65.0,78.0,54.0,15.0,4.0,26.0,20.0,18.0,20.0
450828.0,7.0,16.0,77.0,51.0,7.0,42.0,62.0,74.0,49.0,17.0,7.0,26.0,21.0,19.0,25.0
450833.0,6.0,17.0,77.0,47.92933860938384,7.513284341435839,44.55737704918032,67.0,73.75409836065573,46.33945732052007,13.0,10.00423968343697,31.51271905031091,20.0,16.241661955907293,22.14782362916902
450834.0,4.0,7.0,89.0,35.0,3.0,62.0,77.0,86.0,68.0,8.0,4.0,11.0,15.0,10.0,21.0
450840.0,6.0,20.0,74.0,46.0,7.0,47.0,56.0,70.0,42.0,26.0,14.0,39.0,18.0,16.0,19.0
450844.0,7.0,17.0,76.0,46.0,8.0,46.0,59.0,73.0,45.0,22.0,11.0,34.0,19.0,16.0,21.0
450847.0,9.0,22.0,69.0,44.0,10.0,46.0,60.0,72.0,48.0,22.0,12.0,32.0,18.0,16.0,20.0
450848.0,11.0,18.0,71.0,46.0,8.0,46.0,57.0,68.0,46.0,24.0,14.0,35.0,19.0,18.0,19.0
450851.0,3.0,10.0,87.0,38.0,5.0,57.0,73.0,85.0,61.0,13.0,6.0,21.0,14.0,9.0,18.0
450853.0,6.0,12.0,82.0,45.0,7.0,48.0,61.0,71.0,50.0,22.0,12.0,32.0,17.0,17.0,18.0
450855.0,6.0,15.0,79.0,50.0,9.0,41.0,63.0,79.0,48.0,18.0,6.0,29.0,19.0,15.0,23.0
450856.0,4.0,10.0,86.0,40.0,4.0,56.0,72.0,84.0,60.0,15.0,6.0,24.0,13.0,10.0,16.0
450860.0,5.0,14.0,81.0,47.92933860938384,7.513284341435839,44.55737704918032,74.0,73.75409836065573,46.33945732052007,20.0,10.00423968343697,31.51271905031091,6.0,16.241661955907293,22.14782362916902
450862.0,7.0,18.0,75.0,45.0,8.0,47.0,61.0,74.0,47.0,24.0,11.0,37.0,15.0,15.0,16.0
450864.0,4.0,9.0,87.0,37.0,5.0,58.0,72.0,87.0,57.0,12.0,4.0,19.0,16.0,9.0,24.0
450865.0,2.0,12.0,86.0,41.0,7.0,52.0,66.0,79.0,53.0,15.0,5.0,24.0,19.0,16.0,23.0
450867.0,8.0,22.0,70.0,50.0,9.0,41.0,57.0,72.0,42.0,22.0,11.0,32.0,21.0,17.0,26.0
450869.0,11.0,22.0,67.0,44.0,9.0,47.0,56.0,71.0,41.0,24.0,11.0,37.0,20.0,18.0,22.0
450872.0,4.0,13.0,83.0,44.0,2.0,54.0,65.0,77.0,53.0,14.0,3.0,25.0,21.0,20.0,22.0
450874.0,15.0,19.0,66.0,41.0,10.0,49.0,55.0,67.0,44.0,28.0,16.0,40.0,17.0,17.0,16.0
450875.0,3.0,9.0,88.0,41.0,2.0,57.0,71.0,84.0,58.0,11.0,6.0,15.0,18.0,10.0,27.0
450876.0,5.0,17.0,78.0,40.0,6.0,54.0,68.0,81.0,56.0,17.0,8.0,26.0,15.0,11.0,18.0
450880.0,7.0,12.0,81.0,35.0,6.0,59.0,67.0,84.0,50.0,18.0,7.0,30.0,15.0,9.0,20.0
450883.0,6.0,12.0,82.0,35.0,6.0,59.0,69.0,78.0,61.0,14.0,7.0,22.0,17.0,15.0,17.0
450885.0,7.0,18.0,75.0,42.0,9.0,49.0,60.0,73.0,47.0,21.0,9.0,34.0,19.0,18.0,19.0
450888.0,3.0,8.0,89.0,35.0,4.0,61.0,80.0,90.0,71.0,11.0,4.0,17.0,9.0,6.0,12.0
450889.0,3.0,9.0,88.0,37.0,10.0,53.0,78.0,91.0,66.0,10.0,4.0,17.0,12.0,5.0,17.0
450890.0,6.0,15.0,79.0,41.0,7.0,52.0,62.0,74.0,49.0,19.0,8.0,30.0,19.0,18.0,21.0
450891.0,4.0,4.0,92.0,34.0,3.0,63.0,77.0,88.0,65.0,12.0,5.0,18.0,11.0,7.0,17.0
450893.0,4.0,11.0,85.0,34.0,8.0,58.0,66.0,77.0,56.0,17.0,9.0,26.0,17.0,14.0,18.0
451303.0,3.0,13.0,84.0,47.92933860938384,7.513284341435839,44.55737704918032,61.0,73.75409836065573,46.33945732052007,16.0,10.00423968343697,31.51271905031091,23.0,16.241661955907293,22.14782362916902
451308.0,6.0,16.0,78.0,47.92933860938384,7.513284341435839,44.55737704918032,59.0,73.75409836065573,46.33945732052007,16.0,10.00423968343697,31.51271905031091,25.0,16.241661955907293,22.14782362916902
451311.0,15.0,15.0,70.0,47.92933860938384,7.513284341435839,44.55737704918032,61.0,73.75409836065573,46.33945732052007,24.0,10.00423968343697,31.51271905031091,15.0,16.241661955907293,22.14782362916902
451315.0,0.0,15.0,85.0,47.92933860938384,7.513284341435839,44.55737704918032,67.0,73.75409836065573,46.33945732052007,21.0,10.00423968343697,31.51271905031091,12.0,16.241661955907293,22.14782362916902
451319.0,2.0,5.0,93.0,43.0,3.0,54.0,77.0,88.0,65.0,7.0,2.0,13.0,16.0,10.0,22.0
451323.0,9.0,15.0,76.0,42.0,11.0,47.0,60.0,76.0,45.0,28.0,15.0,41.0,12.0,9.0,14.0
451330.0,5.0,12.0,83.0,39.0,6.0,55.0,61.0,70.0,52.0,15.0,6.0,24.0,24.0,24.0,24.0
451342.0,4.0,14.0,82.0,54.0,0.0,46.0,72.0,85.0,59.0,7.0,3.0,12.0,21.0,12.0,29.0
451343.0,0.0,3.0,97.0,17.0,3.0,80.0,81.0,95.0,65.0,6.0,0.0,15.0,13.0,5.0,20.0
451346.0,1.0,20.0,79.0,46.0,6.0,48.0,69.0,82.0,54.0,17.0,11.0,24.0,14.0,7.0,22.0
451347.0,5.0,6.0,89.0,37.0,0.0,63.0,84.0,91.0,78.0,6.0,5.0,9.0,10.0,4.0,13.0
451351.0,0.0,5.0,95.0,27.0,0.0,73.0,83.0,93.0,69.0,2.0,0.0,6.0,15.0,7.0,25.0
451356.0,4.0,14.0,82.0,37.0,6.0,57.0,73.0,83.0,63.0,11.0,2.0,20.0,16.0,15.0,17.0
451359.0,12.0,21.0,67.0,47.92933860938384,7.513284341435839,44.55737704918032,66.0,73.75409836065573,46.33945732052007,28.0,10.00423968343697,31.51271905031091,6.0,16.241661955907293,22.14782362916902
451367.0,2.0,12.0,86.0,42.0,2.0,56.0,71.0,80.0,62.0,11.0,3.0,18.0,18.0,17.0,20.0
451369.0,9.0,10.0,81.0,47.92933860938384,7.513284341435839,44.55737704918032,67.0,73.75409836065573,46.33945732052007,22.0,10.00423968343697,31.51271905031091,11.0,16.241661955907293,22.14782362916902
451370.0,3.0,21.0,76.0,47.92933860938384,7.513284341435839,44.55737704918032,71.0,73.75409836065573,46.33945732052007,20.0,10.00423968343697,31.51271905031091,9.0,16.241661955907293,22.14782362916902
451373.0,16.0,16.0,68.0,47.92933860938384,7.513284341435839,44.55737704918032,68.0,73.75409836065573,46.33945732052007,22.0,10.00423968343697,31.51271905031091,10.0,16.241661955907293,22.14782362916902
451374.0,2.0,17.0,81.0,46.0,3.0,51.0,69.0,85.0,53.0,12.0,4.0,20.0,19.0,11.0,27.0
451375.0,4.0,18.0,78.0,48.0,6.0,46.0,73.0,86.0,60.0,14.0,6.0,22.0,13.0,8.0,18.0
451376.0,0.0,4.0,96.0,47.92933860938384,7.513284341435839,44.55737704918032,64.0,73.75409836065573,46.33945732052007,16.0,10.00423968343697,31.51271905031091,20.0,16.241661955907293,22.14782362916902
451377.0,8.0,15.0,77.0,44.0,6.0,50.0,69.0,82.0,55.0,20.0,12.0,29.0,11.0,6.0,16.0
451378.0,5.0,28.0,67.0,42.0,5.0,53.0,61.0,69.0,53.0,14.0,0.0,29.0,25.0,31.0,18.0
451379.0,6.0,13.0,81.0,37.0,8.0,55.0,68.0,79.0,56.0,13.0,7.0,18.0,19.0,14.0,26.0
451380.0,3.0,11.0,86.0,32.0,3.0,65.0,68.0,78.0,59.0,13.0,6.0,21.0,19.0,16.0,20.0
451382.0,8.0,11.0,81.0,56.0,2.0,42.0,62.0,74.0,49.0,17.0,4.0,32.0,21.0,22.0,19.0
451385.0,12.0,17.0,71.0,47.92933860938384,7.513284341435839,44.55737704918032,73.0,73.75409836065573,46.33945732052007,14.0,10.00423968343697,31.51271905031091,13.0,16.241661955907293,22.14782362916902
451386.0,4.0,15.0,81.0,40.0,5.0,55.0,73.0,78.0,69.0,9.0,5.0,13.0,18.0,17.0,18.0
451387.0,4.0,13.0,83.0,52.0,6.0,42.0,66.0,76.0,56.0,16.0,10.0,21.0,18.0,14.0,23.0
451391.0,12.0,23.0,65.0,47.92933860938384,7.513284341435839,44.55737704918032,52.0,73.75409836065573,46.33945732052007,24.0,10.00423968343697,31.51271905031091,24.0,16.241661955907293,22.14782362916902
451392.0,6.0,3.0,91.0,32.0,5.0,63.0,74.0,86.0,61.0,10.0,6.0,15.0,16.0,8.0,24.0
451395.0,7.0,20.0,73.0,51.0,3.0,46.0,63.0,72.0,55.0,17.0,11.0,23.0,20.0,17.0,22.0
460001.0,4.0,16.0,80.0,44.0,5.0,51.0,58.0,73.0,43.0,20.0,9.0,30.0,22.0,18.0,27.0
460003.0,9.0,22.0,69.0,48.0,8.0,44.0,57.0,70.0,44.0,26.0,15.0,37.0,17.0,15.0,19.0
460004.0,7.0,20.0,73.0,47.0,5.0,48.0,60.0,73.0,46.0,18.0,7.0,30.0,22.0,20.0,24.0
460005.0,11.0,23.0,66.0,48.0,9.0,43.0,49.0,66.0,32.0,27.0,14.0,40.0,24.0,20.0,28.0
460006.0,6.0,17.0,77.0,44.0,6.0,50.0,64.0,78.0,50.0,17.0,7.0,27.0,19.0,15.0,23.0
460007.0,5.0,15.0,80.0,44.0,5.0,51.0,70.0,82.0,59.0,13.0,4.0,22.0,17.0,14.0,19.0
460009.0,5.0,13.0,82.0,38.0,5.0,57.0,59.0,70.0,48.0,20.0,10.0,30.0,21.0,20.0,22.0
460010.0,6.0,18.0,76.0,45.0,5.0,50.0,58.0,72.0,43.0,21.0,9.0,32.0,21.0,19.0,25.0
460011.0,10.0,30.0,60.0,56.0,6.0,38.0,62.0,74.0,51.0,18.0,7.0,28.0,20.0,19.0,21.0
460013.0,5.0,19.0,76.0,47.0,3.0,50.0,62.0,81.0,43.0,15.0,4.0,27.0,23.0,15.0,30.0
460014.0,7.0,31.0,62.0,47.0,7.0,46.0,63.0,77.0,49.0,20.0,9.0,31.0,17.0,14.0,20.0
460015.0,4.0,23.0,73.0,47.0,3.0,50.0,63.0,79.0,48.0,17.0,8.0,26.0,20.0,13.0,26.0
460017.0,7.0,18.0,75.0,42.0,2.0,56.0,60.0,80.0,39.0,19.0,7.0,30.0,21.0,13.0,31.0
460019.0,8.0,29.0,63.0,55.0,8.0,37.0,46.0,59.0,33.0,29.0,19.0,40.0,25.0,22.0,27.0
460021.0,5.0,15.0,80.0,44.0,7.0,49.0,60.0,74.0,45.0,21.0,10.0,31.0,19.0,16.0,24.0
460023.0,6.0,23.0,71.0,47.0,6.0,47.0,57.0,71.0,42.0,23.0,10.0,36.0,20.0,19.0,22.0
460026.0,7.0,13.0,80.0,53.0,4.0,43.0,57.0,69.0,46.0,21.0,10.0,32.0,22.0,21.0,22.0
460030.0,10.0,27.0,63.0,50.0,9.0,41.0,62.0,75.0,48.0,17.0,9.0,24.0,21.0,16.0,28.0
460039.0,3.0,5.0,92.0,48.0,2.0,50.0,75.0,86.0,64.0,8.0,6.0,11.0,17.0,8.0,25.0
460041.0,11.0,26.0,63.0,52.0,7.0,41.0,57.0,73.0,41.0,25.0,12.0,37.0,18.0,15.0,22.0
460042.0,6.0,20.0,74.0,49.0,5.0,46.0,60.0,72.0,49.0,21.0,10.0,32.0,19.0,18.0,19.0
460043.0,3.0,13.0,84.0,39.0,5.0,56.0,55.0,77.0,33.0,19.0,5.0,32.0,26.0,18.0,35.0
460044.0,4.0,16.0,80.0,40.0,5.0,55.0,64.0,81.0,48.0,19.0,6.0,33.0,17.0,13.0,19.0
460047.0,11.0,24.0,65.0,46.0,10.0,44.0,55.0,70.0,39.0,25.0,11.0,38.0,20.0,19.0,23.0
460049.0,3.0,11.0,86.0,30.0,3.0,67.0,69.0,86.0,52.0,15.0,7.0,23.0,16.0,7.0,25.0
460051.0,13.0,25.0,62.0,48.0,10.0,42.0,53.0,67.0,40.0,27.0,15.0,39.0,20.0,18.0,21.0
460052.0,9.0,22.0,69.0,51.0,9.0,40.0,51.0,66.0,36.0,25.0,13.0,38.0,24.0,21.0,26.0
460054.0,9.0,19.0,72.0,43.0,6.0,51.0,59.0,71.0,48.0,25.0,13.0,36.0,16.0,16.0,16.0
460057.0,4.0,15.0,81.0,40.0,6.0,54.0,69.0,81.0,58.0,14.0,5.0,24.0,17.0,14.0,18.0
460058.0,4.0,19.0,77.0,49.0,4.0,47.0,62.0,77.0,47.0,21.0,10.0,31.0,17.0,13.0,22.0
460060.0,6.0,13.0,81.0,47.0,6.0,47.0,59.0,74.0,44.0,20.0,10.0,30.0,21.0,16.0,26.0
460061.0,3.0,21.0,76.0,48.0,5.0,47.0,61.0,77.0,45.0,20.0,8.0,31.0,19.0,15.0,24.0
460062.0,6.0,14.0,80.0,44.0,4.0,52.0,65.0,78.0,52.0,15.0,6.0,23.0,20.0,16.0,25.0
461300.0,1.0,13.0,86.0,47.92933860938384,7.513284341435839,44.55737704918032,67.0,73.75409836065573,46.33945732052007,9.0,10.00423968343697,31.51271905031091,24.0,16.241661955907293,22.14782362916902
461301.0,3.0,13.0,84.0,47.92933860938384,7.513284341435839,44.55737704918032,70.0,73.75409836065573,46.33945732052007,20.0,10.00423968343697,31.51271905031091,10.0,16.241661955907293,22.14782362916902
461302.0,22.0,17.0,61.0,47.92933860938384,7.513284341435839,44.55737704918032,58.0,73.75409836065573,46.33945732052007,35.0,10.00423968343697,31.51271905031091,7.0,16.241661955907293,22.14782362916902
461303.0,4.0,15.0,81.0,49.0,2.0,49.0,67.0,76.0,57.0,18.0,6.0,30.0,15.0,18.0,13.0
461304.0,4.0,9.0,87.0,46.0,6.0,48.0,65.0,83.0,47.0,15.0,3.0,27.0,20.0,14.0,26.0
461306.0,6.0,13.0,81.0,46.0,7.0,47.0,66.0,74.0,57.0,12.0,3.0,20.0,22.0,23.0,23.0
461307.0,5.0,5.0,90.0,32.0,5.0,63.0,78.0,89.0,66.0,10.0,6.0,15.0,12.0,5.0,19.0
461308.0,1.0,3.0,96.0,47.92933860938384,7.513284341435839,44.55737704918032,76.0,73.75409836065573,46.33945732052007,7.0,10.00423968343697,31.51271905031091,17.0,16.241661955907293,22.14782362916902
461333.0,2.0,8.0,90.0,43.0,0.0,57.0,82.0,90.0,71.0,12.0,5.0,21.0,6.0,5.0,8.0
470001.0,7.0,25.0,68.0,54.0,7.0,39.0,62.0,76.0,48.0,19.0,8.0,31.0,19.0,16.0,21.0
470003.0,6.0,21.0,73.0,47.0,5.0,48.0,60.0,75.0,46.0,19.0,9.0,30.0,21.0,16.0,24.0
470005.0,7.0,27.0,66.0,48.0,7.0,45.0,61.0,74.0,48.0,17.0,8.0,26.0,22.0,18.0,26.0
470011.0,8.0,21.0,71.0,46.0,10.0,44.0,65.0,74.0,55.0,13.0,5.0,22.0,22.0,21.0,23.0
470012.0,6.0,24.0,70.0,50.0,4.0,46.0,61.0,73.0,49.0,16.0,9.0,23.0,23.0,18.0,28.0
470024.0,11.0,26.0,63.0,49.0,7.0,44.0,54.0,68.0,41.0,24.0,14.0,35.0,22.0,18.0,24.0
471301.0,5.0,17.0,78.0,38.0,5.0,57.0,63.0,70.0,55.0,17.0,9.0,25.0,20.0,21.0,20.0
471302.0,3.0,18.0,79.0,43.0,5.0,52.0,72.0,86.0,59.0,12.0,4.0,20.0,16.0,10.0,21.0
471303.0,7.0,25.0,68.0,45.0,4.0,51.0,63.0,74.0,52.0,15.0,6.0,23.0,22.0,20.0,25.0
471304.0,6.0,30.0,64.0,53.0,7.0,40.0,60.0,77.0,43.0,18.0,6.0,29.0,22.0,17.0,28.0
471305.0,4.0,15.0,81.0,45.0,5.0,50.0,64.0,77.0,52.0,15.0,4.0,25.0,21.0,19.0,23.0
471306.0,8.0,18.0,74.0,62.0,3.0,35.0,60.0,71.0,49.0,20.0,11.0,29.0,20.0,18.0,22.0
471307.0,11.0,26.0,63.0,47.0,4.0,49.0,63.0,79.0,47.0,15.0,7.0,24.0,22.0,14.0,29.0
480001.0,14.0,36.0,50.0,60.0,13.0,27.0,55.0,72.0,38.0,22.0,10.0,34.0,23.0,18.0,28.0
480002.0,10.0,32.0,58.0,59.0,14.0,27.0,64.0,73.0,54.0,19.0,11.0,27.0,17.0,16.0,19.0
490002.0,6.0,14.0,80.0,34.0,5.0,61.0,73.0,82.0,64.0,13.0,6.0,20.0,14.0,12.0,16.0
490004.0,8.0,23.0,69.0,52.0,7.0,41.0,55.0,71.0,40.0,24.0,12.0,37.0,21.0,17.0,23.0
490005.0,8.0,19.0,73.0,49.0,6.0,45.0,61.0,77.0,44.0,21.0,9.0,32.0,18.0,14.0,24.0
490007.0,8.0,19.0,73.0,47.0,7.0,46.0,58.0,72.0,44.0,24.0,11.0,37.0,18.0,17.0,19.0
490009.0,7.0,19.0,74.0,40.0,5.0,55.0,59.0,74.0,44.0,20.0,8.0,31.0,21.0,18.0,25.0
490013.0,6.0,22.0,72.0,52.0,6.0,42.0,62.0,74.0,50.0,18.0,7.0,29.0,20.0,19.0,21.0
490017.0,15.0,25.0,60.0,49.0,10.0,41.0,59.0,72.0,46.0,23.0,12.0,33.0,18.0,16.0,21.0
490018.0,6.0,21.0,73.0,48.0,7.0,45.0,58.0,75.0,42.0,20.0,8.0,31.0,22.0,17.0,27.0
490019.0,15.0,27.0,58.0,55.0,8.0,37.0,54.0,66.0,41.0,26.0,13.0,39.0,20.0,21.0,20.0
490020.0,10.0,27.0,63.0,54.0,10.0,36.0,56.0,71.0,42.0,25.0,14.0,36.0,19.0,15.0,22.0
490021.0,9.0,26.0,65.0,51.0,7.0,42.0,58.0,71.0,44.0,23.0,11.0,35.0,19.0,18.0,21.0
490022.0,13.0,25.0,62.0,50.0,11.0,39.0,52.0,67.0,37.0,28.0,15.0,40.0,20.0,18.0,23.0
490023.0,15.0,25.0,60.0,53.0,9.0,38.0,57.0,68.0,46.0,27.0,17.0,37.0,16.0,15.0,17.0
490024.0,9.0,20.0,71.0,52.0,7.0,41.0,56.0,72.0,40.0,25.0,12.0,37.0,19.0,16.0,23.0
490032.0,8.0,20.0,72.0,44.0,7.0,49.0,59.0,74.0,45.0,20.0,9.0,32.0,21.0,17.0,23.0
490033.0,6.0,17.0,77.0,50.0,7.0,43.0,60.0,75.0,45.0,19.0,8.0,30.0,21.0,17.0,25.0
490037.0,4.0,16.0,80.0,42.0,7.0,51.0,66.0,78.0,54.0,15.0,7.0,24.0,19.0,15.0,22.0
490038.0,8.0,18.0,74.0,46.0,6.0,48.0,59.0,76.0,43.0,22.0,9.0,35.0,19.0,15.0,22.0
490040.0,12.0,23.0,65.0,50.0,10.0,40.0,50.0,64.0,35.0,30.0,17.0,42.0,20.0,19.0,23.0
490041.0,13.0,27.0,60.0,52.0,8.0,40.0,58.0,74.0,41.0,23.0,9.0,38.0,19.0,17.0,21.0
490042.0,9.0,21.0,70.0,53.0,6.0,41.0,58.0,74.0,42.0,22.0,9.0,34.0,20.0,17.0,24.0
490043.0,5.0,14.0,81.0,47.0,7.0,46.0,57.0,72.0,43.0,23.0,11.0,35.0,20.0,17.0,22.0
490044.0,8.0,21.0,71.0,51.0,6.0,43.0,59.0,73.0,44.0,23.0,11.0,35.0,18.0,16.0,21.0
490045.0,9.0,30.0,61.0,53.0,9.0,38.0,53.0,66.0,41.0,26.0,15.0,37.0,21.0,19.0,22.0
490046.0,8.0,17.0,75.0,45.0,8.0,47.0,58.0,73.0,44.0,24.0,12.0,36.0,18.0,15.0,20.0
490048.0,15.0,28.0,57.0,54.0,11.0,35.0,51.0,62.0,39.0,27.0,14.0,40.0,22.0,24.0,21.0
490050.0,7.0,18.0,75.0,45.0,8.0,47.0,60.0,74.0,46.0,20.0,9.0,31.0,20.0,17.0,23.0
490052.0,7.0,18.0,75.0,48.0,6.0,46.0,59.0,74.0,43.0,23.0,11.0,36.0,18.0,15.0,21.0
490053.0,10.0,22.0,68.0,48.0,8.0,44.0,62.0,76.0,48.0,21.0,10.0,31.0,17.0,14.0,21.0
490057.0,8.0,22.0,70.0,47.0,9.0,44.0,55.0,71.0,39.0,26.0,12.0,40.0,19.0,17.0,21.0
490059.0,13.0,24.0,63.0,50.0,9.0,41.0,54.0,69.0,40.0,26.0,13.0,40.0,20.0,18.0,20.0
490060.0,11.0,20.0,69.0,52.0,5.0,43.0,67.0,83.0,50.0,18.0,6.0,30.0,15.0,11.0,20.0
490063.0,6.0,18.0,76.0,43.0,9.0,48.0,61.0,77.0,44.0,22.0,9.0,35.0,17.0,14.0,21.0
490066.0,6.0,18.0,76.0,44.0,7.0,49.0,61.0,75.0,47.0,20.0,8.0,31.0,19.0,17.0,22.0
490067.0,14.0,26.0,60.0,53.0,10.0,37.0,57.0,71.0,44.0,24.0,12.0,35.0,19.0,17.0,21.0
490069.0,13.0,26.0,61.0,53.0,8.0,39.0,55.0,69.0,41.0,26.0,13.0,39.0,19.0,18.0,20.0
490075.0,18.0,29.0,53.0,55.0,11.0,34.0,53.0,68.0,38.0,29.0,16.0,42.0,18.0,16.0,20.0
490077.0,6.0,17.0,77.0,48.0,5.0,47.0,59.0,75.0,43.0,20.0,8.0,33.0,21.0,17.0,24.0
490084.0,9.0,24.0,67.0,49.0,6.0,45.0,61.0,75.0,47.0,23.0,13.0,33.0,16.0,12.0,20.0
490088.0,5.0,20.0,75.0,51.0,3.0,46.0,66.0,81.0,52.0,11.0,5.0,18.0,23.0,14.0,30.0
490089.0,6.0,20.0,74.0,49.0,5.0,46.0,58.0,70.0,46.0,17.0,8.0,25.0,25.0,22.0,29.0
490090.0,6.0,27.0,67.0,54.0,6.0,40.0,62.0,77.0,46.0,20.0,7.0,33.0,18.0,16.0,21.0
490092.0,5.0,31.0,64.0,52.0,7.0,41.0,69.0,79.0,60.0,12.0,7.0,17.0,19.0,14.0,23.0
490093.0,7.0,21.0,72.0,46.0,9.0,45.0,60.0,76.0,45.0,24.0,12.0,36.0,16.0,12.0,19.0
490094.0,10.0,25.0,65.0,47.92933860938384,7.513284341435839,44.55737704918032,67.0,73.75409836065573,46.33945732052007,16.0,10.00423968343697,31.51271905031091,17.0,16.241661955907293,22.14782362916902
490097.0,14.0,12.0,74.0,34.0,11.0,55.0,62.0,67.0,56.0,22.0,14.0,32.0,16.0,19.0,12.0
490098.0,10.0,17.0,73.0,51.0,7.0,42.0,57.0,71.0,42.0,24.0,14.0,35.0,19.0,15.0,23.0
490101.0,8.0,20.0,72.0,49.0,8.0,43.0,54.0,71.0,38.0,25.0,12.0,38.0,21.0,17.0,24.0
490107.0,14.0,24.0,62.0,46.0,12.0,42.0,52.0,67.0,37.0,30.0,17.0,43.0,18.0,16.0,20.0
490110.0,7.0,22.0,71.0,51.0,5.0,44.0,60.0,73.0,47.0,18.0,9.0,28.0,22.0,18.0,25.0
490111.0,9.0,20.0,71.0,50.0,5.0,45.0,65.0,79.0,51.0,17.0,9.0,25.0,18.0,12.0,24.0
490112.0,14.0,23.0,63.0,52.0,10.0,38.0,54.0,70.0,39.0,27.0,12.0,41.0,19.0,18.0,20.0
490113.0,11.0,25.0,64.0,49.0,10.0,41.0,58.0,74.0,42.0,24.0,11.0,37.0,18.0,15.0,21.0
490114.0,2.0,22.0,76.0,54.0,6.0,40.0,56.0,61.0,51.0,20.0,11.0,29.0,24.0,28.0,20.0
490115.0,17.0,26.0,57.0,58.0,9.0,33.0,59.0,73.0,45.0,23.0,13.0,34.0,18.0,14.0,21.0
490116.0,6.0,22.0,72.0,53.0,5.0,42.0,64.0,79.0,50.0,21.0,10.0,31.0,15.0,11.0,19.0
490117.0,9.0,17.0,74.0,44.0,5.0,51.0,60.0,75.0,44.0,25.0,13.0,37.0,15.0,12.0,19.0
490118.0,10.0,20.0,70.0,51.0,7.0,42.0,57.0,72.0,41.0,22.0,10.0,35.0,21.0,18.0,24.0
490119.0,5.0,14.0,81.0,48.0,4.0,48.0,63.0,78.0,47.0,19.0,8.0,30.0,18.0,14.0,23.0
490120.0,11.0,27.0,62.0,55.0,7.0,38.0,54.0,68.0,40.0,26.0,13.0,39.0,20.0,19.0,21.0
490122.0,9.0,22.0,69.0,46.0,10.0,44.0,55.0,70.0,40.0,27.0,14.0,41.0,18.0,16.0,19.0
490126.0,11.0,23.0,66.0,55.0,8.0,37.0,54.0,71.0,38.0,24.0,12.0,35.0,22.0,17.0,27.0
490127.0,5.0,18.0,77.0,49.0,5.0,46.0,74.0,84.0,65.0,8.0,1.0,17.0,18.0,15.0,18.0
490130.0,4.0,19.0,77.0,47.0,5.0,48.0,64.0,79.0,49.0,15.0,7.0,23.0,21.0,14.0,28.0
490136.0,11.0,20.0,69.0,49.0,10.0,41.0,56.0,69.0,42.0,25.0,13.0,37.0,19.0,18.0,21.0
490140.0,8.0,21.0,71.0,48.0,8.0,44.0,56.0,71.0,42.0,21.0,9.0,33.0,23.0,20.0,25.0
490141.0,18.0,28.0,54.0,48.0,18.0,34.0,48.0,61.0,34.0,33.0,19.0,48.0,19.0,20.0,18.0
490143.0,6.0,19.0,75.0,48.0,5.0,47.0,63.0,78.0,48.0,18.0,6.0,29.0,19.0,16.0,23.0
490144.0,7.0,18.0,75.0,51.0,6.0,43.0,60.0,73.0,46.0,21.0,9.0,32.0,19.0,18.0,22.0
490145.0,8.0,19.0,73.0,48.0,7.0,45.0,55.0,73.0,37.0,26.0,10.0,41.0,19.0,17.0,22.0
491302.0,2.0,14.0,84.0,46.0,2.0,52.0,66.0,74.0,58.0,15.0,8.0,22.0,19.0,18.0,20.0
491304.0,8.0,26.0,66.0,43.0,6.0,51.0,63.0,81.0,46.0,20.0,8.0,31.0,17.0,11.0,23.0
491305.0,6.0,18.0,76.0,49.0,5.0,46.0,57.0,70.0,44.0,21.0,9.0,34.0,22.0,21.0,22.0
491307.0,5.0,22.0,73.0,48.0,6.0,46.0,75.0,91.0,59.0,11.0,4.0,20.0,14.0,5.0,21.0
491308.0,5.0,28.0,67.0,48.0,3.0,49.0,63.0,80.0,47.0,18.0,3.0,33.0,19.0,17.0,20.0
500002.0,9.0,21.0,70.0,51.0,6.0,43.0,62.0,75.0,49.0,18.0,8.0,28.0,20.0,17.0,23.0
500003.0,11.0,24.0,65.0,49.0,7.0,44.0,58.0,69.0,46.0,20.0,10.0,31.0,22.0,21.0,23.0
500005.0,8.0,23.0,69.0,48.0,5.0,47.0,59.0,72.0,45.0,19.0,9.0,29.0,22.0,19.0,26.0
500007.0,5.0,17.0,78.0,40.0,6.0,54.0,61.0,75.0,47.0,20.0,10.0,30.0,19.0,15.0,23.0
500008.0,5.0,18.0,77.0,43.0,5.0,52.0,63.0,77.0,50.0,17.0,7.0,26.0,20.0,16.0,24.0
500011.0,14.0,27.0,59.0,48.0,13.0,39.0,54.0,66.0,41.0,24.0,14.0,35.0,22.0,20.0,24.0
500014.0,15.0,30.0,55.0,50.0,15.0,35.0,44.0,56.0,33.0,31.0,16.0,46.0,25.0,28.0,21.0
500015.0,18.0,28.0,54.0,59.0,10.0,31.0,50.0,61.0,39.0,27.0,16.0,38.0,23.0,23.0,23.0
500016.0,5.0,22.0,73.0,51.0,5.0,44.0,62.0,76.0,48.0,17.0,7.0,26.0,21.0,17.0,26.0
500019.0,10.0,25.0,65.0,54.0,8.0,38.0,59.0,74.0,44.0,22.0,8.0,35.0,19.0,18.0,21.0
500021.0,10.0,24.0,66.0,51.0,8.0,41.0,58.0,69.0,46.0,21.0,9.0,33.0,21.0,22.0,21.0
500024.0,12.0,21.0,67.0,54.0,6.0,40.0,51.0,67.0,35.0,23.0,11.0,35.0,26.0,22.0,30.0
500025.0,8.0,19.0,73.0,49.0,5.0,46.0,54.0,67.0,41.0,24.0,12.0,36.0,22.0,21.0,23.0
500026.0,10.0,32.0,58.0,54.0,7.0,39.0,53.0,69.0,36.0,24.0,12.0,36.0,23.0,19.0,28.0
500027.0,9.0,28.0,63.0,51.0,8.0,41.0,55.0,69.0,41.0,21.0,11.0,31.0,24.0,20.0,28.0
500030.0,10.0,27.0,63.0,52.0,5.0,43.0,57.0,70.0,43.0,23.0,10.0,36.0,20.0,20.0,21.0
500031.0,16.0,31.0,53.0,50.0,11.0,39.0,53.0,65.0,40.0,28.0,16.0,41.0,19.0,19.0,19.0
500033.0,12.0,29.0,59.0,56.0,7.0,37.0,64.0,76.0,51.0,19.0,9.0,29.0,17.0,15.0,20.0
500036.0,20.0,32.0,48.0,58.0,10.0,32.0,53.0,68.0,38.0,28.0,16.0,40.0,19.0,16.0,22.0
500037.0,11.0,26.0,63.0,47.0,15.0,38.0,43.0,51.0,36.0,29.0,15.0,42.0,28.0,34.0,22.0
500039.0,12.0,23.0,65.0,47.0,10.0,43.0,56.0,68.0,43.0,23.0,14.0,33.0,21.0,18.0,24.0
500041.0,12.0,32.0,56.0,56.0,9.0,35.0,52.0,65.0,39.0,24.0,12.0,37.0,24.0,23.0,24.0
500044.0,11.0,25.0,64.0,51.0,8.0,41.0,56.0,69.0,44.0,22.0,11.0,33.0,22.0,20.0,23.0
500050.0,13.0,25.0,62.0,50.0,8.0,42.0,55.0,68.0,41.0,24.0,12.0,37.0,21.0,20.0,22.0
500051.0,7.0,17.0,76.0,49.0,7.0,44.0,58.0,72.0,43.0,21.0,8.0,34.0,21.0,20.0,23.0
500052.0,4.0,31.0,65.0,53.0,3.0,44.0,73.0,87.0,58.0,17.0,7.0,28.0,10.0,6.0,14.0
500053.0,14.0,23.0,63.0,53.0,9.0,38.0,52.0,69.0,36.0,24.0,10.0,38.0,24.0,21.0,26.0
500054.0,10.0,23.0,67.0,50.0,7.0,43.0,56.0,74.0,37.0,26.0,12.0,39.0,18.0,14.0,24.0
500058.0,7.0,19.0,74.0,52.0,8.0,40.0,58.0,72.0,45.0,20.0,10.0,30.0,22.0,18.0,25.0
500060.0,13.0,28.0,59.0,52.0,8.0,40.0,52.0,66.0,37.0,28.0,15.0,40.0,20.0,19.0,23.0
500064.0,13.0,27.0,60.0,49.0,10.0,41.0,56.0,68.0,43.0,24.0,12.0,35.0,20.0,20.0,22.0
500072.0,8.0,27.0,65.0,51.0,4.0,45.0,54.0,68.0,40.0,22.0,12.0,32.0,24.0,20.0,28.0
500077.0,5.0,24.0,71.0,47.0,8.0,45.0,56.0,69.0,43.0,20.0,11.0,29.0,24.0,20.0,28.0
500079.0,17.0,27.0,56.0,54.0,11.0,35.0,50.0,64.0,36.0,29.0,17.0,40.0,21.0,19.0,24.0
500084.0,11.0,19.0,70.0,52.0,6.0,42.0,60.0,72.0,48.0,27.0,16.0,38.0,13.0,12.0,14.0
500088.0,8.0,23.0,69.0,47.0,7.0,46.0,54.0,68.0,39.0,24.0,12.0,37.0,22.0,20.0,24.0
500108.0,11.0,27.0,62.0,53.0,8.0,39.0,57.0,69.0,44.0,22.0,11.0,32.0,21.0,20.0,24.0
500119.0,9.0,21.0,70.0,50.0,6.0,44.0,60.0,73.0,48.0,21.0,10.0,32.0,19.0,17.0,20.0
500124.0,6.0,20.0,74.0,51.0,8.0,41.0,56.0,73.0,39.0,22.0,9.0,36.0,22.0,18.0,25.0
500129.0,12.0,25.0,63.0,52.0,9.0,39.0,54.0,67.0,41.0,24.0,13.0,36.0,22.0,20.0,23.0
500139.0,8.0,24.0,68.0,50.0,8.0,42.0,58.0,71.0,45.0,23.0,12.0,35.0,19.0,17.0,20.0
500141.0,12.0,24.0,64.0,51.0,8.0,41.0,54.0,67.0,41.0,24.0,14.0,35.0,22.0,19.0,24.0
500150.0,5.0,18.0,77.0,46.0,6.0,48.0,62.0,76.0,47.0,18.0,7.0,30.0,20.0,17.0,23.0
500151.0,8.0,20.0,72.0,50.0,7.0,43.0,59.0,73.0,46.0,21.0,9.0,32.0,20.0,18.0,22.0
500152.0,8.0,17.0,75.0,51.0,7.0,42.0,56.0,70.0,42.0,25.0,12.0,38.0,19.0,18.0,20.0
500154.0,9.0,17.0,74.0,44.0,8.0,48.0,55.0,67.0,44.0,23.0,12.0,34.0,22.0,21.0,22.0
501303.0,4.0,23.0,73.0,38.0,3.0,59.0,64.0,75.0,53.0,16.0,10.0,23.0,20.0,15.0,24.0
501305.0,2.0,13.0,85.0,23.0,6.0,71.0,78.0,90.0,65.0,6.0,3.0,11.0,16.0,7.0,24.0
501308.0,8.0,30.0,62.0,47.92933860938384,7.513284341435839,44.55737704918032,68.0,73.75409836065573,46.33945732052007,7.0,10.00423968343697,31.51271905031091,25.0,16.241661955907293,22.14782362916902
501309.0,4.0,20.0,76.0,47.92933860938384,7.513284341435839,44.55737704918032,61.0,73.75409836065573,46.33945732052007,21.0,10.00423968343697,31.51271905031091,18.0,16.241661955907293,22.14782362916902
501310.0,3.0,10.0,87.0,46.0,5.0,49.0,64.0,83.0,46.0,16.0,4.0,28.0,20.0,13.0,26.0
501312.0,7.0,17.0,76.0,45.0,6.0,49.0,60.0,72.0,48.0,19.0,9.0,30.0,21.0,19.0,22.0
501314.0,4.0,20.0,76.0,53.0,9.0,38.0,49.0,68.0,30.0,23.0,10.0,35.0,28.0,22.0,35.0
501315.0,0.0,6.0,94.0,47.92933860938384,7.513284341435839,44.55737704918032,63.0,73.75409836065573,46.33945732052007,13.0,10.00423968343697,31.51271905031091,24.0,16.241661955907293,22.14782362916902
501316.0,0.0,25.0,75.0,47.92933860938384,7.513284341435839,44.55737704918032,71.0,73.75409836065573,46.33945732052007,9.0,10.00423968343697,31.51271905031091,20.0,16.241661955907293,22.14782362916902
501318.0,9.0,21.0,70.0,47.92933860938384,7.513284341435839,44.55737704918032,62.0,73.75409836065573,46.33945732052007,16.0,10.00423968343697,31.51271905031091,22.0,16.241661955907293,22.14782362916902
501321.0,7.0,18.0,75.0,47.92933860938384,7.513284341435839,44.55737704918032,74.0,73.75409836065573,46.33945732052007,16.0,10.00423968343697,31.51271905031091,10.0,16.241661955907293,22.14782362916902
501323.0,5.0,19.0,76.0,47.0,5.0,48.0,55.0,70.0,41.0,20.0,7.0,34.0,25.0,23.0,25.0
501326.0,5.0,16.0,79.0,42.0,6.0,52.0,62.0,72.0,52.0,12.0,4.0,20.0,26.0,24.0,28.0
501327.0,4.0,11.0,85.0,42.0,4.0,54.0,67.0,83.0,51.0,16.0,5.0,28.0,17.0,12.0,21.0
501328.0,10.0,21.0,69.0,52.0,9.0,39.0,65.0,75.0,55.0,15.0,9.0,21.0,20.0,16.0,24.0
501329.0,4.0,20.0,76.0,55.0,4.0,41.0,64.0,77.0,52.0,15.0,8.0,23.0,21.0,15.0,25.0
501330.0,14.0,31.0,55.0,58.0,12.0,30.0,48.0,62.0,35.0,25.0,15.0,35.0,27.0,23.0,30.0
501331.0,3.0,13.0,84.0,34.0,5.0,61.0,73.0,82.0,64.0,12.0,5.0,18.0,15.0,13.0,18.0
501332.0,5.0,16.0,79.0,45.0,5.0,50.0,65.0,80.0,51.0,16.0,6.0,26.0,19.0,14.0,23.0
501333.0,5.0,21.0,74.0,48.0,4.0,48.0,62.0,74.0,51.0,15.0,5.0,24.0,23.0,21.0,25.0
501335.0,8.0,14.0,78.0,49.0,6.0,45.0,57.0,70.0,44.0,19.0,10.0,29.0,24.0,20.0,27.0
501336.0,2.0,28.0,70.0,48.0,2.0,50.0,67.0,83.0,51.0,13.0,5.0,20.0,20.0,12.0,29.0
501337.0,9.0,32.0,59.0,52.0,5.0,43.0,54.0,66.0,43.0,24.0,12.0,37.0,22.0,22.0,20.0
501339.0,8.0,23.0,69.0,44.0,7.0,49.0,63.0,76.0,51.0,16.0,9.0,23.0,21.0,15.0,26.0
510001.0,7.0,19.0,74.0,48.0,7.0,45.0,58.0,71.0,45.0,21.0,11.0,30.0,21.0,18.0,25.0
510002.0,16.0,26.0,58.0,58.0,12.0,30.0,51.0,64.0,39.0,29.0,13.0,45.0,20.0,23.0,16.0
510006.0,8.0,23.0,69.0,52.0,8.0,40.0,59.0,72.0,45.0,22.0,9.0,35.0,19.0,19.0,20.0
510007.0,11.0,20.0,69.0,46.0,9.0,45.0,58.0,73.0,42.0,24.0,12.0,36.0,18.0,15.0,22.0
510008.0,13.0,25.0,62.0,51.0,8.0,41.0,53.0,66.0,39.0,25.0,13.0,38.0,22.0,21.0,23.0
510012.0,12.0,24.0,64.0,51.0,12.0,37.0,58.0,72.0,43.0,21.0,10.0,31.0,21.0,18.0,26.0
510013.0,8.0,25.0,67.0,54.0,5.0,41.0,64.0,78.0,50.0,18.0,8.0,28.0,18.0,14.0,22.0
510022.0,10.0,20.0,70.0,49.0,8.0,43.0,58.0,72.0,45.0,23.0,11.0,34.0,19.0,17.0,21.0
510023.0,15.0,35.0,50.0,57.0,9.0,34.0,53.0,68.0,38.0,26.0,12.0,40.0,21.0,20.0,22.0
510024.0,6.0,18.0,76.0,47.0,5.0,48.0,60.0,74.0,47.0,20.0,9.0,31.0,20.0,17.0,22.0
510029.0,9.0,24.0,67.0,51.0,7.0,42.0,53.0,66.0,39.0,24.0,10.0,38.0,23.0,24.0,23.0
510030.0,15.0,19.0,66.0,59.0,8.0,33.0,57.0,71.0,43.0,23.0,14.0,32.0,20.0,15.0,25.0
510031.0,7.0,24.0,69.0,50.0,4.0,46.0,68.0,85.0,49.0,16.0,3.0,30.0,16.0,12.0,21.0
510038.0,12.0,19.0,69.0,48.0,9.0,43.0,64.0,77.0,51.0,16.0,8.0,24.0,20.0,15.0,25.0
510046.0,14.0,28.0,58.0,51.0,12.0,37.0,52.0,67.0,38.0,25.0,14.0,36.0,23.0,19.0,26.0
510048.0,13.0,23.0,64.0,48.0,7.0,45.0,61.0,74.0,49.0,19.0,10.0,28.0,20.0,16.0,23.0
510050.0,12.0,28.0,60.0,54.0,11.0,35.0,53.0,68.0,38.0,24.0,14.0,34.0,23.0,18.0,28.0
510055.0,8.0,21.0,71.0,49.0,7.0,44.0,62.0,75.0,50.0,22.0,11.0,33.0,16.0,14.0,17.0
510058.0,8.0,22.0,70.0,49.0,8.0,43.0,59.0,74.0,43.0,21.0,10.0,31.0,20.0,16.0,26.0
510062.0,13.0,25.0,62.0,50.0,12.0,38.0,50.0,66.0,36.0,29.0,16.0,42.0,21.0,18.0,22.0
510070.0,18.0,29.0,53.0,54.0,13.0,33.0,54.0,67.0,41.0,27.0,14.0,41.0,19.0,19.0,18.0
510072.0,11.0,17.0,72.0,48.0,6.0,46.0,65.0,75.0,56.0,17.0,14.0,21.0,18.0,11.0,23.0
510086.0,6.0,23.0,71.0,41.0,8.0,51.0,69.0,74.0,64.0,17.0,11.0,23.0,14.0,15.0,13.0
510091.0,5.0,6.0,89.0,47.92933860938384,7.513284341435839,44.55737704918032,81.0,73.75409836065573,46.33945732052007,1.0,10.00423968343697,31.51271905031091,18.0,16.241661955907293,22.14782362916902
510093.0,6.0,11.0,83.0,47.92933860938384,7.513284341435839,44.55737704918032,70.0,73.75409836065573,46.33945732052007,7.0,10.00423968343697,31.51271905031091,23.0,16.241661955907293,22.14782362916902
511306.0,15.0,24.0,61.0,47.92933860938384,7.513284341435839,44.55737704918032,68.0,73.75409836065573,46.33945732052007,16.0,10.00423968343697,31.51271905031091,16.0,16.241661955907293,22.14782362916902
511308.0,5.0,23.0,72.0,49.0,5.0,46.0,59.0,76.0,41.0,14.0,10.0,18.0,27.0,14.0,41.0
511309.0,9.0,13.0,78.0,45.0,1.0,54.0,69.0,81.0,58.0,12.0,4.0,21.0,19.0,15.0,21.0
511310.0,9.0,13.0,78.0,47.92933860938384,7.513284341435839,44.55737704918032,86.0,73.75409836065573,46.33945732052007,4.0,10.00423968343697,31.51271905031091,10.0,16.241661955907293,22.14782362916902
511311.0,6.0,12.0,82.0,34.0,6.0,60.0,75.0,92.0,58.0,11.0,3.0,20.0,14.0,5.0,22.0
511312.0,0.0,14.0,86.0,45.0,0.0,55.0,81.0,88.0,73.0,4.0,0.0,10.0,15.0,12.0,17.0
511313.0,3.0,7.0,90.0,42.0,4.0,54.0,71.0,84.0,59.0,12.0,10.0,13.0,17.0,6.0,28.0
511314.0,4.0,20.0,76.0,48.0,4.0,48.0,66.0,80.0,53.0,19.0,11.0,27.0,15.0,9.0,20.0
511315.0,5.0,11.0,84.0,44.0,5.0,51.0,64.0,78.0,50.0,18.0,10.0,26.0,18.0,12.0,24.0
511316.0,4.0,19.0,77.0,46.0,5.0,49.0,70.0,82.0,57.0,13.0,4.0,23.0,17.0,14.0,20.0
511319.0,6.0,21.0,73.0,48.0,3.0,49.0,65.0,77.0,54.0,16.0,4.0,28.0,19.0,19.0,18.0
511320.0,3.0,13.0,84.0,33.0,4.0,63.0,72.0,83.0,60.0,15.0,6.0,25.0,13.0,11.0,15.0
511321.0,8.0,19.0,73.0,44.0,7.0,49.0,67.0,76.0,58.0,16.0,10.0,22.0,17.0,14.0,20.0
520002.0,11.0,22.0,67.0,47.0,9.0,44.0,58.0,72.0,45.0,18.0,10.0,26.0,24.0,18.0,29.0
520004.0,3.0,18.0,79.0,41.0,4.0,55.0,64.0,75.0,53.0,16.0,8.0,25.0,20.0,17.0,22.0
520008.0,6.0,19.0,75.0,45.0,6.0,49.0,62.0,78.0,46.0,18.0,6.0,30.0,20.0,16.0,24.0
520009.0,8.0,21.0,71.0,48.0,7.0,45.0,57.0,72.0,43.0,22.0,11.0,32.0,21.0,17.0,25.0
520011.0,9.0,28.0,63.0,52.0,7.0,41.0,56.0,69.0,43.0,18.0,7.0,30.0,26.0,24.0,27.0
520019.0,12.0,24.0,64.0,47.0,9.0,44.0,56.0,69.0,43.0,22.0,13.0,31.0,22.0,18.0,26.0
520021.0,7.0,22.0,71.0,52.0,7.0,41.0,55.0,70.0,41.0,22.0,11.0,34.0,23.0,19.0,25.0
520028.0,5.0,20.0,75.0,49.0,4.0,47.0,63.0,78.0,49.0,16.0,7.0,25.0,21.0,15.0,26.0
520030.0,7.0,25.0,68.0,48.0,6.0,46.0,57.0,71.0,43.0,21.0,12.0,30.0,22.0,17.0,27.0
520033.0,9.0,23.0,68.0,43.0,9.0,48.0,59.0,75.0,43.0,18.0,9.0,28.0,23.0,16.0,29.0
520034.0,5.0,17.0,78.0,46.0,4.0,50.0,68.0,83.0,52.0,15.0,5.0,26.0,17.0,12.0,22.0
520035.0,9.0,21.0,70.0,47.0,6.0,47.0,60.0,73.0,46.0,20.0,9.0,30.0,20.0,18.0,24.0
520037.0,12.0,27.0,61.0,52.0,7.0,41.0,58.0,71.0,45.0,19.0,10.0,29.0,23.0,19.0,26.0
520038.0,4.0,14.0,82.0,43.0,3.0,54.0,68.0,81.0,54.0,14.0,5.0,22.0,18.0,14.0,24.0
520041.0,11.0,29.0,60.0,54.0,6.0,40.0,56.0,74.0,39.0,23.0,10.0,35.0,21.0,16.0,26.0
520044.0,7.0,24.0,69.0,47.0,5.0,48.0,63.0,73.0,53.0,15.0,8.0,22.0,22.0,19.0,25.0
520045.0,8.0,24.0,68.0,46.0,6.0,48.0,60.0,73.0,46.0,20.0,9.0,31.0,20.0,18.0,23.0
520049.0,7.0,18.0,75.0,45.0,5.0,50.0,65.0,80.0,49.0,16.0,6.0,26.0,19.0,14.0,25.0
520051.0,13.0,23.0,64.0,54.0,9.0,37.0,52.0,67.0,36.0,26.0,12.0,39.0,22.0,21.0,25.0
520057.0,4.0,14.0,82.0,45.0,4.0,51.0,70.0,80.0,60.0,13.0,8.0,19.0,17.0,12.0,21.0
520059.0,10.0,27.0,63.0,57.0,5.0,38.0,57.0,69.0,45.0,23.0,10.0,36.0,20.0,21.0,19.0
520062.0,7.0,21.0,72.0,44.0,6.0,50.0,59.0,74.0,44.0,18.0,5.0,31.0,23.0,21.0,25.0
520063.0,10.0,23.0,67.0,50.0,6.0,44.0,61.0,77.0,45.0,21.0,9.0,32.0,18.0,14.0,23.0
520066.0,9.0,26.0,65.0,49.0,8.0,43.0,59.0,71.0,46.0,19.0,8.0,29.0,22.0,21.0,25.0
520070.0,5.0,15.0,80.0,41.0,4.0,55.0,67.0,79.0,56.0,14.0,6.0,22.0,19.0,15.0,22.0
520071.0,6.0,20.0,74.0,43.0,8.0,49.0,60.0,75.0,45.0,19.0,9.0,28.0,21.0,16.0,27.0
520075.0,8.0,22.0,70.0,49.0,6.0,45.0,61.0,74.0,47.0,19.0,9.0,29.0,20.0,17.0,24.0
520076.0,11.0,24.0,65.0,47.0,5.0,48.0,63.0,76.0,51.0,16.0,8.0,25.0,21.0,16.0,24.0
520078.0,10.0,26.0,64.0,54.0,6.0,40.0,54.0,73.0,35.0,23.0,9.0,37.0,23.0,18.0,28.0
520083.0,7.0,21.0,72.0,45.0,7.0,48.0,59.0,73.0,45.0,21.0,10.0,32.0,20.0,17.0,23.0
520087.0,5.0,16.0,79.0,45.0,4.0,51.0,66.0,78.0,55.0,14.0,7.0,21.0,20.0,15.0,24.0
520088.0,8.0,21.0,71.0,49.0,6.0,45.0,63.0,74.0,52.0,17.0,9.0,25.0,20.0,17.0,23.0
520089.0,4.0,18.0,78.0,48.0,6.0,46.0,61.0,73.0,48.0,19.0,8.0,29.0,20.0,19.0,23.0
520091.0,4.0,14.0,82.0,44.0,6.0,50.0,64.0,74.0,54.0,16.0,8.0,24.0,20.0,18.0,22.0
520095.0,2.0,9.0,89.0,34.0,3.0,63.0,73.0,84.0,62.0,13.0,3.0,23.0,14.0,13.0,15.0
520096.0,12.0,27.0,61.0,54.0,8.0,38.0,57.0,71.0,44.0,23.0,11.0,34.0,20.0,18.0,22.0
520097.0,11.0,23.0,66.0,53.0,6.0,41.0,56.0,70.0,43.0,22.0,11.0,33.0,22.0,19.0,24.0
520098.0,7.0,17.0,76.0,42.0,5.0,53.0,61.0,74.0,49.0,18.0,8.0,27.0,21.0,18.0,24.0
520100.0,10.0,26.0,64.0,51.0,8.0,41.0,59.0,71.0,47.0,20.0,10.0,30.0,21.0,19.0,23.0
520102.0,7.0,21.0,72.0,41.0,5.0,54.0,64.0,77.0,50.0,19.0,8.0,30.0,17.0,15.0,20.0
520103.0,7.0,24.0,69.0,51.0,6.0,43.0,59.0,75.0,44.0,18.0,5.0,32.0,23.0,20.0,24.0
520107.0,4.0,29.0,67.0,54.0,2.0,44.0,62.0,79.0,45.0,15.0,5.0,25.0,23.0,16.0,30.0
520109.0,4.0,25.0,71.0,42.0,6.0,52.0,60.0,72.0,48.0,14.0,10.0,19.0,26.0,18.0,33.0
520113.0,10.0,23.0,67.0,51.0,6.0,43.0,62.0,74.0,50.0,17.0,9.0,26.0,21.0,17.0,24.0
520116.0,6.0,22.0,72.0,49.0,6.0,45.0,60.0,76.0,44.0,20.0,8.0,31.0,20.0,16.0,25.0
520136.0,9.0,25.0,66.0,50.0,8.0,42.0,59.0,74.0,44.0,21.0,10.0,32.0,20.0,16.0,24.0
520138.0,9.0,20.0,71.0,47.0,6.0,47.0,60.0,75.0,46.0,19.0,9.0,30.0,21.0,16.0,24.0
520139.0,7.0,22.0,71.0,51.0,5.0,44.0,58.0,73.0,43.0,21.0,9.0,33.0,21.0,18.0,24.0
520160.0,7.0,25.0,68.0,52.0,5.0,43.0,57.0,71.0,44.0,22.0,12.0,32.0,21.0,17.0,24.0
520177.0,6.0,18.0,76.0,44.0,6.0,50.0,62.0,75.0,49.0,19.0,9.0,29.0,19.0,16.0,22.0
520189.0,7.0,19.0,74.0,44.0,6.0,50.0,60.0,72.0,47.0,19.0,8.0,31.0,21.0,20.0,22.0
520193.0,5.0,15.0,80.0,46.0,5.0,49.0,65.0,78.0,51.0,17.0,7.0,26.0,18.0,15.0,23.0
520194.0,2.0,3.0,95.0,23.0,3.0,74.0,82.0,93.0,71.0,8.0,1.0,15.0,10.0,6.0,14.0
520196.0,3.0,2.0,95.0,27.0,4.0,69.0,79.0,87.0,72.0,7.0,3.0,10.0,14.0,10.0,18.0
520198.0,6.0,17.0,77.0,51.0,4.0,45.0,66.0,79.0,52.0,16.0,6.0,25.0,18.0,15.0,23.0
520202.0,6.0,19.0,75.0,45.0,5.0,50.0,59.0,71.0,47.0,19.0,9.0,29.0,22.0,20.0,24.0
520205.0,3.0,9.0,88.0,37.0,3.0,60.0,75.0,91.0,60.0,10.0,2.0,17.0,15.0,7.0,23.0
520206.0,7.0,18.0,75.0,43.0,6.0,51.0,60.0,75.0,46.0,20.0,10.0,31.0,20.0,15.0,23.0
520207.0,4.0,15.0,81.0,45.0,4.0,51.0,66.0,79.0,53.0,17.0,6.0,27.0,17.0,15.0,20.0
520208.0,7.0,17.0,76.0,49.0,6.0,45.0,65.0,79.0,52.0,16.0,8.0,24.0,19.0,13.0,24.0
520210.0,8.0,19.0,73.0,52.0,7.0,41.0,57.0,68.0,45.0,20.0,10.0,30.0,23.0,22.0,25.0
520212.0,6.0,18.0,76.0,47.0,6.0,47.0,61.0,72.0,50.0,17.0,8.0,25.0,22.0,20.0,25.0
520213.0,3.0,10.0,87.0,43.0,4.0,53.0,75.0,84.0,67.0,7.0,2.0,11.0,18.0,14.0,22.0
520214.0,5.0,19.0,76.0,62.0,3.0,35.0,56.0,64.0,47.0,18.0,3.0,33.0,26.0,33.0,20.0
520215.0,13.0,19.0,68.0,46.0,10.0,44.0,74.0,86.0,61.0,13.0,8.0,18.0,13.0,6.0,21.0
521300.0,2.0,19.0,79.0,47.92933860938384,7.513284341435839,44.55737704918032,79.0,73.75409836065573,46.33945732052007,7.0,10.00423968343697,31.51271905031091,14.0,16.241661955907293,22.14782362916902
521302.0,2.0,14.0,84.0,38.0,5.0,57.0,74.0,83.0,65.0,4.0,0.0,9.0,22.0,17.0,26.0
521303.0,0.0,24.0,76.0,47.92933860938384,7.513284341435839,44.55737704918032,76.0,73.75409836065573,46.33945732052007,9.0,10.00423968343697,31.51271905031091,15.0,16.241661955907293,22.14782362916902
521304.0,1.0,4.0,95.0,33.0,1.0,66.0,72.0,83.0,60.0,1.0,0.0,3.0,27.0,17.0,37.0
521305.0,7.0,22.0,71.0,44.0,8.0,48.0,67.0,82.0,53.0,21.0,6.0,36.0,12.0,12.0,11.0
521308.0,2.0,17.0,81.0,50.0,1.0,49.0,71.0,84.0,58.0,11.0,3.0,18.0,18.0,13.0,24.0
521309.0,5.0,33.0,62.0,47.92933860938384,7.513284341435839,44.55737704918032,74.0,73.75409836065573,46.33945732052007,16.0,10.00423968343697,31.51271905031091,10.0,16.241661955907293,22.14782362916902
521310.0,5.0,19.0,76.0,50.0,0.0,50.0,66.0,78.0,54.0,13.0,2.0,24.0,21.0,20.0,22.0
521312.0,9.0,8.0,83.0,40.0,5.0,55.0,82.0,90.0,73.0,5.0,0.0,11.0,13.0,10.0,16.0
521313.0,12.0,11.0,77.0,47.92933860938384,7.513284341435839,44.55737704918032,71.0,73.75409836065573,46.33945732052007,15.0,10.00423968343697,31.51271905031091,14.0,16.241661955907293,22.14782362916902
521314.0,4.0,17.0,79.0,51.0,1.0,48.0,73.0,84.0,62.0,7.0,5.0,9.0,20.0,11.0,29.0
521315.0,5.0,11.0,84.0,42.0,5.0,53.0,67.0,77.0,56.0,9.0,2.0,17.0,24.0,21.0,27.0
521316.0,3.0,20.0,77.0,46.0,6.0,48.0,79.0,85.0,71.0,14.0,4.0,26.0,7.0,11.0,3.0
521318.0,7.0,17.0,76.0,36.0,4.0,60.0,72.0,79.0,64.0,13.0,6.0,19.0,15.0,15.0,17.0
521319.0,0.0,6.0,94.0,33.0,2.0,65.0,81.0,87.0,75.0,4.0,2.0,8.0,15.0,11.0,17.0
521320.0,5.0,13.0,82.0,27.0,3.0,70.0,75.0,90.0,61.0,11.0,1.0,20.0,14.0,9.0,19.0
521321.0,5.0,18.0,77.0,45.0,3.0,52.0,69.0,81.0,58.0,11.0,5.0,16.0,20.0,14.0,26.0
521322.0,4.0,17.0,79.0,53.0,3.0,44.0,66.0,77.0,56.0,10.0,7.0,13.0,24.0,16.0,31.0
521323.0,11.0,18.0,71.0,53.0,4.0,43.0,73.0,83.0,62.0,13.0,3.0,24.0,14.0,14.0,14.0
521324.0,4.0,10.0,86.0,49.0,5.0,46.0,59.0,71.0,47.0,20.0,13.0,26.0,21.0,16.0,27.0
521325.0,12.0,27.0,61.0,54.0,5.0,41.0,71.0,85.0,56.0,7.0,4.0,11.0,22.0,11.0,33.0
521326.0,8.0,27.0,65.0,56.0,5.0,39.0,56.0,68.0,45.0,22.0,10.0,34.0,22.0,22.0,21.0
521327.0,2.0,14.0,84.0,39.0,3.0,58.0,69.0,81.0,58.0,12.0,5.0,19.0,19.0,14.0,23.0
521328.0,13.0,15.0,72.0,47.92933860938384,7.513284341435839,44.55737704918032,82.0,73.75409836065573,46.33945732052007,7.0,10.00423968343697,31.51271905031091,11.0,16.241661955907293,22.14782362916902
521329.0,5.0,27.0,68.0,44.0,1.0,55.0,62.0,71.0,52.0,11.0,1.0,23.0,27.0,28.0,25.0
521330.0,3.0,13.0,84.0,38.0,3.0,59.0,78.0,90.0,65.0,10.0,2.0,18.0,12.0,8.0,17.0
521331.0,1.0,18.0,81.0,38.0,0.0,62.0,71.0,84.0,58.0,3.0,1.0,7.0,26.0,15.0,35.0
521332.0,2.0,14.0,84.0,30.0,1.0,69.0,88.0,96.0,78.0,5.0,3.0,9.0,7.0,1.0,13.0
521333.0,6.0,15.0,79.0,32.0,7.0,61.0,72.0,87.0,59.0,9.0,1.0,16.0,19.0,12.0,25.0
521334.0,5.0,28.0,67.0,59.0,4.0,37.0,55.0,65.0,45.0,18.0,9.0,27.0,27.0,26.0,28.0
521335.0,5.0,15.0,80.0,45.0,5.0,50.0,65.0,81.0,49.0,18.0,8.0,28.0,17.0,11.0,23.0
521336.0,4.0,17.0,79.0,48.0,2.0,50.0,69.0,80.0,58.0,12.0,6.0,18.0,19.0,14.0,24.0
521337.0,7.0,22.0,71.0,47.0,6.0,47.0,59.0,73.0,45.0,17.0,10.0,25.0,24.0,17.0,30.0
521338.0,1.0,13.0,86.0,42.0,2.0,56.0,70.0,83.0,56.0,11.0,4.0,19.0,19.0,13.0,25.0
521339.0,4.0,20.0,76.0,53.0,3.0,44.0,46.0,64.0,29.0,17.0,9.0,23.0,37.0,27.0,48.0
521340.0,5.0,14.0,81.0,46.0,2.0,52.0,63.0,78.0,48.0,15.0,2.0,28.0,22.0,20.0,24.0
521341.0,5.0,16.0,79.0,46.0,3.0,51.0,71.0,87.0,54.0,12.0,5.0,20.0,17.0,8.0,26.0
521342.0,7.0,4.0,89.0,47.92933860938384,7.513284341435839,44.55737704918032,79.0,73.75409836065573,46.33945732052007,12.0,10.00423968343697,31.51271905031091,9.0,16.241661955907293,22.14782362916902
521343.0,0.0,11.0,89.0,35.0,2.0,63.0,80.0,88.0,72.0,8.0,2.0,15.0,12.0,10.0,13.0
521344.0,8.0,11.0,81.0,54.0,0.0,46.0,65.0,80.0,50.0,18.0,9.0,29.0,17.0,11.0,21.0
521345.0,0.0,11.0,89.0,41.0,1.0,58.0,71.0,81.0,62.0,11.0,3.0,19.0,18.0,16.0,19.0
521346.0,6.0,21.0,73.0,56.0,4.0,40.0,61.0,74.0,48.0,15.0,5.0,25.0,24.0,21.0,27.0
521347.0,5.0,11.0,84.0,45.0,3.0,52.0,68.0,77.0,59.0,18.0,8.0,27.0,14.0,15.0,14.0
521348.0,2.0,14.0,84.0,52.0,2.0,46.0,71.0,83.0,59.0,11.0,2.0,20.0,18.0,15.0,21.0
521349.0,2.0,18.0,80.0,40.0,2.0,58.0,70.0,86.0,54.0,10.0,1.0,20.0,20.0,13.0,26.0
521350.0,6.0,20.0,74.0,46.0,7.0,47.0,62.0,72.0,52.0,13.0,7.0,19.0,25.0,21.0,29.0
521351.0,6.0,17.0,77.0,39.0,3.0,58.0,66.0,80.0,52.0,12.0,8.0,17.0,22.0,12.0,31.0
521352.0,4.0,10.0,86.0,38.0,3.0,59.0,76.0,85.0,68.0,11.0,6.0,17.0,13.0,9.0,15.0
521353.0,2.0,12.0,86.0,40.0,5.0,55.0,66.0,74.0,59.0,7.0,3.0,13.0,27.0,23.0,28.0
521354.0,3.0,9.0,88.0,35.0,3.0,62.0,77.0,87.0,66.0,8.0,3.0,13.0,15.0,10.0,21.0
521355.0,3.0,28.0,69.0,47.0,5.0,48.0,64.0,78.0,49.0,18.0,9.0,27.0,18.0,13.0,24.0
521356.0,0.0,10.0,90.0,47.92933860938384,7.513284341435839,44.55737704918032,77.0,73.75409836065573,46.33945732052007,6.0,10.00423968343697,31.51271905031091,17.0,16.241661955907293,22.14782362916902
521357.0,3.0,19.0,78.0,46.0,5.0,49.0,64.0,76.0,53.0,17.0,7.0,28.0,19.0,17.0,19.0
521358.0,3.0,12.0,85.0,42.0,4.0,54.0,70.0,82.0,58.0,10.0,6.0,14.0,20.0,12.0,28.0
521359.0,4.0,18.0,78.0,48.0,3.0,49.0,70.0,81.0,59.0,12.0,4.0,19.0,18.0,15.0,22.0
530002.0,6.0,23.0,71.0,51.0,5.0,44.0,66.0,77.0,54.0,14.0,7.0,21.0,20.0,16.0,25.0
530006.0,7.0,24.0,69.0,47.0,6.0,47.0,59.0,77.0,42.0,16.0,7.0,25.0,25.0,16.0,33.0
530008.0,23.0,30.0,47.0,61.0,8.0,31.0,61.0,76.0,46.0,20.0,7.0,33.0,19.0,17.0,21.0
530011.0,6.0,22.0,72.0,47.0,5.0,48.0,65.0,80.0,51.0,19.0,7.0,31.0,16.0,13.0,18.0
530012.0,12.0,29.0,59.0,49.0,9.0,42.0,53.0,68.0,39.0,24.0,15.0,33.0,23.0,17.0,28.0
530014.0,8.0,23.0,69.0,51.0,8.0,41.0,58.0,73.0,43.0,21.0,10.0,32.0,21.0,17.0,25.0
530015.0,3.0,10.0,87.0,36.0,4.0,60.0,68.0,84.0,52.0,13.0,5.0,22.0,19.0,11.0,26.0
530025.0,7.0,21.0,72.0,48.0,6.0,46.0,63.0,72.0,53.0,16.0,7.0,25.0,21.0,21.0,22.0
530032.0,10.0,22.0,68.0,49.0,7.0,44.0,70.0,78.0,61.0,15.0,7.0,22.0,15.0,15.0,17.0
530034.0,2.0,10.0,88.0,47.92933860938384,7.513284341435839,44.55737704918032,80.0,73.75409836065573,46.33945732052007,3.0,10.00423968343697,31.51271905031091,17.0,16.241661955907293,22.14782362916902
531302.0,6.0,22.0,72.0,38.0,5.0,57.0,70.0,79.0,61.0,13.0,5.0,21.0,17.0,16.0,18.0
531304.0,10.0,29.0,61.0,45.0,3.0,52.0,67.0,73.0,62.0,9.0,1.0,18.0,24.0,26.0,20.0
531305.0,11.0,17.0,72.0,47.92933860938384,7.513284341435839,44.55737704918032,68.0,73.75409836065573,46.33945732052007,20.0,10.00423968343697,31.51271905031091,12.0,16.241661955907293,22.14782362916902
531306.0,5.0,27.0,68.0,39.0,10.0,51.0,60.0,81.0,42.0,19.0,6.0,31.0,21.0,13.0,27.0
531307.0,4.0,14.0,82.0,51.0,1.0,48.0,66.0,83.0,49.0,14.0,7.0,21.0,20.0,10.0,30.0
531308.0,14.0,21.0,65.0,52.0,1.0,47.0,62.0,74.0,49.0,13.0,6.0,19.0,25.0,20.0,32.0
531309.0,0.0,20.0,80.0,47.92933860938384,7.513284341435839,44.55737704918032,70.0,73.75409836065573,46.33945732052007,10.0,10.00423968343697,31.51271905031091,20.0,16.241661955907293,22.14782362916902
531310.0,3.0,24.0,73.0,47.0,5.0,48.0,71.0,81.0,61.0,9.0,3.0,16.0,20.0,16.0,23.0
531311.0,5.0,18.0,77.0,47.92933860938384,7.513284341435839,44.55737704918032,86.0,73.75409836065573,46.33945732052007,6.0,10.00423968343697,31.51271905031091,8.0,16.241661955907293,22.14782362916902
531312.0,7.0,19.0,74.0,49.0,7.0,44.0,69.0,85.0,53.0,16.0,5.0,27.0,15.0,10.0,20.0
531313.0,5.0,15.0,80.0,49.0,2.0,49.0,63.0,77.0,49.0,20.0,8.0,33.0,17.0,15.0,18.0
531314.0,7.0,15.0,78.0,47.92933860938384,7.513284341435839,44.55737704918032,85.0,73.75409836065573,46.33945732052007,3.0,10.00423968343697,31.51271905031091,12.0,16.241661955907293,22.14782362916902
531316.0,13.0,24.0,63.0,47.92933860938384,7.513284341435839,44.55737704918032,30.0,73.75409836065573,46.33945732052007,44.0,10.00423968343697,31.51271905031091,26.0,16.241661955907293,22.14782362916902
670005.0,3.0,9.0,88.0,43.0,3.0,54.0,73.0,92.0,53.0,10.0,4.0,17.0,17.0,4.0,30.0
670006.0,10.0,14.0,76.0,41.0,10.0,49.0,69.0,75.0,64.0,13.0,6.0,21.0,18.0,19.0,15.0
670008.0,4.0,10.0,86.0,37.0,5.0,58.0,74.0,85.0,63.0,10.0,6.0,14.0,16.0,9.0,23.0
670023.0,5.0,15.0,80.0,43.0,6.0,51.0,60.0,75.0,46.0,22.0,10.0,33.0,18.0,15.0,21.0
670025.0,3.0,8.0,89.0,38.0,5.0,57.0,68.0,83.0,54.0,15.0,5.0,25.0,17.0,12.0,21.0
670031.0,8.0,23.0,69.0,49.0,10.0,41.0,58.0,71.0,45.0,23.0,12.0,35.0,19.0,17.0,20.0
670034.0,7.0,15.0,78.0,42.0,6.0,52.0,62.0,76.0,49.0,18.0,7.0,29.0,20.0,17.0,22.0
670041.0,9.0,19.0,72.0,44.0,10.0,46.0,54.0,68.0,41.0,24.0,14.0,34.0,22.0,18.0,25.0
670043.0,13.0,18.0,69.0,48.0,11.0,41.0,57.0,66.0,48.0,24.0,13.0,35.0,19.0,21.0,17.0
670044.0,5.0,15.0,80.0,43.0,7.0,50.0,62.0,75.0,48.0,19.0,7.0,30.0,19.0,18.0,22.0
670047.0,18.0,24.0,58.0,49.0,16.0,35.0,50.0,64.0,36.0,30.0,15.0,44.0,20.0,21.0,20.0
670049.0,7.0,13.0,80.0,37.0,6.0,57.0,63.0,75.0,52.0,21.0,11.0,31.0,16.0,14.0,17.0
670053.0,11.0,22.0,67.0,47.0,9.0,44.0,57.0,69.0,44.0,22.0,8.0,36.0,21.0,23.0,20.0
670054.0,7.0,8.0,85.0,40.0,11.0,49.0,78.0,87.0,69.0,13.0,5.0,20.0,9.0,8.0,11.0
670055.0,12.0,18.0,70.0,42.0,10.0,48.0,56.0,69.0,43.0,25.0,12.0,38.0,19.0,19.0,19.0
670056.0,9.0,20.0,71.0,47.0,8.0,45.0,59.0,72.0,46.0,22.0,10.0,33.0,19.0,18.0,21.0
670059.0,5.0,15.0,80.0,38.0,9.0,53.0,70.0,92.0,47.0,14.0,3.0,25.0,16.0,5.0,28.0
670060.0,21.0,26.0,53.0,53.0,17.0,30.0,44.0,59.0,30.0,36.0,22.0,51.0,20.0,19.0,19.0
670062.0,5.0,9.0,86.0,47.92933860938384,7.513284341435839,44.55737704918032,79.0,73.75409836065573,46.33945732052007,9.0,10.00423968343697,31.51271905031091,12.0,16.241661955907293,22.14782362916902
670067.0,5.0,11.0,84.0,36.0,6.0,58.0,67.0,80.0,55.0,17.0,6.0,28.0,16.0,14.0,17.0
670068.0,8.0,18.0,74.0,45.0,7.0,48.0,56.0,70.0,42.0,25.0,13.0,38.0,19.0,17.0,20.0
670069.0,7.0,13.0,80.0,37.0,6.0,57.0,66.0,78.0,54.0,16.0,7.0,24.0,18.0,15.0,22.0
670071.0,3.0,16.0,81.0,39.0,5.0,56.0,69.0,83.0,55.0,16.0,6.0,26.0,15.0,11.0,19.0
670073.0,6.0,11.0,83.0,41.0,4.0,55.0,67.0,82.0,51.0,17.0,7.0,28.0,16.0,11.0,21.0
670075.0,8.0,15.0,77.0,43.0,8.0,49.0,63.0,74.0,52.0,19.0,10.0,27.0,18.0,16.0,21.0
670076.0,3.0,6.0,91.0,34.0,2.0,64.0,81.0,91.0,70.0,5.0,3.0,8.0,14.0,6.0,22.0
670077.0,6.0,14.0,80.0,43.0,8.0,49.0,61.0,74.0,49.0,20.0,9.0,31.0,19.0,17.0,20.0
670078.0,5.0,22.0,73.0,42.0,7.0,51.0,62.0,76.0,48.0,20.0,8.0,32.0,18.0,16.0,20.0
670080.0,9.0,19.0,72.0,42.0,8.0,50.0,66.0,80.0,52.0,18.0,11.0,26.0,16.0,9.0,22.0
670082.0,6.0,16.0,78.0,43.0,5.0,52.0,61.0,74.0,47.0,21.0,10.0,32.0,18.0,16.0,21.0
670085.0,7.0,17.0,76.0,42.0,7.0,51.0,57.0,70.0,44.0,25.0,13.0,37.0,18.0,17.0,19.0
670088.0,6.0,15.0,79.0,44.0,5.0,51.0,58.0,72.0,44.0,20.0,8.0,32.0,22.0,20.0,24.0
670090.0,27.0,26.0,47.0,52.0,15.0,33.0,53.0,70.0,36.0,33.0,11.0,54.0,14.0,19.0,10.0
670098.0,8.0,16.0,76.0,49.0,5.0,46.0,59.0,74.0,44.0,21.0,10.0,32.0,20.0,16.0,24.0
670102.0,12.0,19.0,69.0,49.0,11.0,40.0,64.0,70.0,58.0,22.0,12.0,33.0,14.0,18.0,9.0
670103.0,9.0,15.0,76.0,49.0,9.0,42.0,58.0,71.0,44.0,23.0,13.0,33.0,19.0,16.0,23.0
670106.0,12.0,20.0,68.0,47.0,9.0,44.0,61.0,72.0,50.0,22.0,13.0,32.0,17.0,15.0,18.0
670108.0,5.0,17.0,78.0,41.0,4.0,55.0,63.0,72.0,54.0,19.0,9.0,28.0,18.0,19.0,18.0
670112.0,4.0,8.0,88.0,36.0,7.0,57.0,70.0,81.0,59.0,14.0,6.0,22.0,16.0,13.0,19.0
670120.0,16.0,21.0,63.0,46.0,15.0,39.0,51.0,63.0,39.0,32.0,18.0,45.0,17.0,19.0,16.0
670122.0,6.0,11.0,83.0,43.0,7.0,50.0,62.0,76.0,47.0,22.0,10.0,34.0,16.0,14.0,19.0
670124.0,2.0,8.0,90.0,38.0,5.0,57.0,72.0,94.0,50.0,14.0,2.0,26.0,14.0,4.0,24.0
670128.0,5.0,11.0,84.0,37.0,6.0,57.0,71.0,81.0,60.0,18.0,10.0,26.0,11.0,9.0,14.0
670131.0,6.0,1.0,93.0,47.92933860938384,7.513284341435839,44.55737704918032,84.0,73.75409836065573,46.33945732052007,13.0,10.00423968343697,31.51271905031091,3.0,16.241661955907293,22.14782362916902
670132.0,8.0,11.0,81.0,42.0,6.0,52.0,59.0,74.0,44.0,22.0,13.0,31.0,19.0,13.0,25.0
670134.0,2.0,2.0,96.0,27.0,0.0,73.0,94.0,97.0,91.0,4.0,3.0,5.0,2.0,0.0,4.0
670136.0,5.0,11.0,84.0,30.0,4.0,66.0,75.0,82.0,69.0,13.0,9.0,17.0,12.0,9.0,14.0
670259.0,0.0,9.0,91.0,28.0,2.0,70.0,80.0,96.0,63.0,8.0,2.0,15.0,12.0,2.0,22.0
670260.0,6.0,12.0,82.0,41.0,5.0,54.0,58.0,73.0,43.0,23.0,10.0,36.0,19.0,17.0,21.0
670265.0,8.0,19.0,73.0,41.0,13.0,46.0,57.0,73.0,41.0,23.0,13.0,34.0,20.0,14.0,25.0
670300.0,2.0,13.0,85.0,47.0,5.0,48.0,63.0,78.0,48.0,16.0,5.0,27.0,21.0,17.0,25.0
670309.0,13.0,18.0,69.0,46.0,12.0,42.0,57.0,68.0,46.0,27.0,19.0,36.0,16.0,13.0,18.0
671300.0,6.0,20.0,74.0,47.92933860938384,7.513284341435839,44.55737704918032,66.0,73.75409836065573,46.33945732052007,18.0,10.00423968343697,31.51271905031091,16.0,16.241661955907293,22.14782362916902
